	2_0418_9740	2_0418_9741	2_0418_9742	2_0418_9743	2_0418_9744	2_0418_9745	2_0418_9746	2_0418_9747	2_0418_9748	2_0418_9749	2_0418_9750	2_0418_9751	2_0418_9752	2_0418_9753	2_0418_9754	3_0516_9831	3_0516_9832	3_0516_9833	3_0516_9834	3_0516_9835	3_0516_9836	3_0516_9837	3_0516_9838	3_0516_9839	3_0516_9840	3_0516_9841	3_0516_9842	3_0516_9843	3_0516_9844	3_0516_9845	3_0516_9846	3_0516_9847	3_0516_9849	3_0516_9851	41.9871.0530	41.9872.0530	41.9873.0530	41.9874.0530	41.9875.0530	41.9876.0530	41.9877.0530	41.9878.0530	41.9879.0530	41.9880.0530	41.9881.0530	41.9882.0530	41.9883.0530	41.9884.0530	41.9885.0530	41.9886.0530	41.9887.0530	41.9888.0530	41.9889.0530	41.9890.0530	51.9939.0613	51.9940.0613	51.9941.0613	51.9942.0613	51.9943.0613	51.9944.0613	51.9945.0613	51.9946.0613	51.9947.0613	51.9948.0613	51.9949.0613	51.9950.0613	51.9951.0613	51.9952.0613	51.9953.0613	61.9961.0627	61.9962.0627	61.9963.0627	61.9964.0627	61.9965.0627	61.9966.0627	61.9967.0627	61.9968.0627	61.9969.0627	61.9970.0627	61.9971.0627	61.9972.0627	61.9973.0627	61.9974.0627	61.9975.0627	71.100.0801	71.101.0801	71.102.0801	71.103.0801	71.104.0801	71.105.0801	71.106.0801	71.107.0801	71.108.0801	71.109.0801	71.110.0801	71.111.0801	71.112.0801	71.113.0801	71.114.0801	71.115.0801	71.116.0801	71.117.0801	71.118.0801	71.98.0801	71.99.0801	CDD02.CR.Chow.1.00	CDD02.CR.Chow.2.00	CDD02.CR.Chow.3.00	CDD02.CR.Chow.4.00	CDD02.CR.Chow.5.00	CDD02.CR.HFHF.1.00	CDD02.CR.HFHF.2.00	CDD02.CR.HFHF.3.00	CDD02.CR.HFHF.4.00	CDD02.CR.HFHF.5.00	CDD02.CR.HFLF.1.00	CDD02.CR.HFLF.2.00	CDD02.CR.HFLF.3.00	CDD02.CR.HFLF.4.00	CDD02.CR.HFLF.5.00	CDD02.CR.LFHF.1.00	CDD02.CR.LFHF.2.00	CDD02.CR.LFHF.3.00	CDD02.CR.LFHF.4.00	CDD02.CR.LFHF.5.00	CDD02.CR.LFLF.1.00	CDD02.CR.LFLF.2.00	CDD02.CR.LFLF.3.00	CDD02.CR.LFLF.4.00	CDD02.CR.LFLF.5.00	CDD02.Tc.Chow.1.00	CDD02.Tc.Chow.2.00	CDD02.Tc.Chow.3.00	CDD02.Tc.Chow.4.00	CDD02.Tc.Chow.5.00	CDD02.Tc.HFHF.1.00	CDD02.Tc.HFHF.2.00	CDD02.Tc.HFHF.3.00	CDD02.Tc.HFHF.4.00	CDD02.Tc.HFHF.5.00	CDD02.Tc.HFLF.1.00	CDD02.Tc.HFLF.2.00	CDD02.Tc.HFLF.3.00	CDD02.Tc.HFLF.4.00	CDD02.Tc.HFLF.5.00	CDD02.Tc.LFHF.1.00	CDD02.Tc.LFHF.2.00	CDD02.Tc.LFHF.3.00	CDD02.Tc.LFHF.4.00	CDD02.Tc.LFHF.5.00	CDD02.Tc.LFLF.1.00	CDD02.Tc.LFLF.2.00	CDD02.Tc.LFLF.3.00	CDD02.Tc.LFLF.4.00	CDD02.Tc.LFLF.5.00
2_0418_9740	0	0.3260132275700915	0.3241469972462603	0.2869434500599075	0.3554748325099988	0.3412708848427223	0.3344031639149112	0.3495424036826975	0.3424961209517826	0.3155510531584225	0.3467548395480408	0.4311166012592741	0.3298170194650097	0.3588265989816342	0.3742085964412482	0.5584154163504442	0.551788630479686	0.545996827761474	0.5405152855182949	0.5298114985459135	0.6176758562080111	0.5486509371320699	0.5779363005194375	0.5363193944589499	0.585533258999028	0.6251795054536481	0.5631687897301193	0.5700979682835446	0.5932879777765753	0.5821000733235639	0.5449854153514806	0.5447658128468559	0.5542101645192379	0.5883273044977106	0.4411907904833917	0.3938650915387897	0.3822327352634549	0.3829677701027329	0.5262031173016236	0.3278602090866541	0.4071516806173393	0.4045710184695981	0.4242565788796392	0.4465531841589434	0.3917422337769823	0.4127840477643216	0.4103018798847045	0.3776114040822669	0.4745351477889838	0.5135291897975749	0.4231733201169807	0.4288479087612415	0.4678204291560726	0.3532464813161795	0.4154103244452931	0.4160305511245936	0.4416876268845435	0.3776715025563954	0.3656467383183587	0.4039191840504043	0.3774064728358295	0.4295338555894569	0.449042420211151	0.3468722503920834	0.3694267591047143	0.3435709484938775	0.4338254182445779	0.3734036327923342	0.3594127862965967	0.368989107945507	0.3524850885766107	0.3496376103684807	0.4176498620903907	0.4231404949133758	0.3559929180275457	0.353660537114276	0.3541101305857695	0.3883020837685139	0.3640863466937601	0.4729138836348457	0.4209370117415793	0.3481394655829342	0.3630198955831985	0.3796911307979137	0.5687642944453676	0.5988903045295191	0.5505295367474297	0.5909970383533354	0.5718084136709416	0.5775377472384136	0.5689304205040772	0.5811456892904681	0.5621444836189107	0.580549619019798	0.5520390567063432	0.5610714795209057	0.5754311342478224	0.9580811296991035	0.6047530317973728	0.6003503581431232	0.5920258830718715	0.5986105819190154	0.5788114694042946	0.5651646659707446	0.5717871084542079	0.5861419552611475	0.6093372968783949	0.6005453925113698	0.6068701818472662	0.5915041483750979	0.6053387236081436	0.588148805748034	0.5980102231953857	0.5992240449795584	0.6096213206110793	0.6051523412010791	0.5861397676911804	0.5957148343866464	0.5886414034688041	0.5683971721405157	0.6165025998041896	0.59031012536064	0.6092808671412243	0.6111406825212563	0.6163914639798325	0.6053315678708325	0.5844867988509012	0.589338972032067	0.5988802644024513	0.5928907331820299	0.5985771184601432	0.5948256336022625	0.6190050117031451	0.6056624844091831	0.6020418845151955	0.5861137605510935	0.60613872068204	0.5901375692730465	0.5667363327156444	0.59388055882362	0.6015779988817587	0.5872121438760447	0.5851292529005275	0.5925912871473158	0.6160167793249388	0.6225600122686479	0.5940943163222649	0.5739153828967406	0.6033488192864804	0.6088219238467898	0.5804054084827637	0.5881129330980092	0.6005904798918239	0.6098883480791466	0.6445315490623482
2_0418_9741	0.3260132275700915	0	0.3601636461779086	0.3265383015723295	0.3558720277533065	0.3598846255617943	0.3238042797558863	0.3422139194601597	0.3427351203906733	0.3651663199436202	0.3578412620304695	0.3818461684704183	0.3472306514236358	0.3677387211250828	0.3766677631148196	0.5321813450907504	0.5283025194373107	0.5233021588104646	0.5146673104628993	0.5113434130399557	0.5955313828787172	0.5395013715679572	0.55466589939758	0.5245459235357782	0.5738394730546065	0.5974023382462246	0.5608418280299271	0.5749705573454311	0.5606795144565053	0.5589775087824372	0.5179447414087442	0.5246395854440885	0.5572407988302002	0.5727783417713114	0.4428933293883631	0.3646919267905355	0.3547836201775218	0.3701929253780056	0.4796737875728741	0.3269365131920616	0.3765171785181383	0.3841864609238172	0.4332960851719969	0.4110560820121841	0.337105328761415	0.4078756858571486	0.3603151625041697	0.3437803324656065	0.4368570346128548	0.4884863477921403	0.3840502495272369	0.3720488236965414	0.4300816470323143	0.3743494505551204	0.4078055145213693	0.3562145562462716	0.36770794625963	0.3479484047235939	0.350127596572711	0.386182318111089	0.3841572012474888	0.3723848315761955	0.3764206100727481	0.3627498771312652	0.3631358631513208	0.3367658110712062	0.3699762202105844	0.3342744787631912	0.3735330554574419	0.4253117516125106	0.351497013356304	0.3247797463692754	0.4029821871241868	0.3902179223829231	0.3741490455886946	0.3287345958353043	0.4158913446022239	0.3711527120178246	0.3969548666905996	0.389596954755285	0.3863884153624256	0.3267153998554262	0.3260320494854111	0.3620738513610524	0.5521727250173647	0.57505978774709	0.5388763923812372	0.5604778954904345	0.5597182770841163	0.553342740519416	0.5372753410948929	0.5365188613268641	0.5478174378567657	0.5483350793954969	0.5430500962907223	0.5474034911771614	0.5467779187682681	0.9533421711328089	0.5588706778696872	0.5551504025812111	0.5478056842289191	0.5523671183766689	0.5485566224207479	0.5477997710910081	0.5664597166081394	0.571711707591225	0.5863170185118016	0.5600673760921575	0.5821496991641415	0.571062651251924	0.5875828946959053	0.5670684210830746	0.5559144798520274	0.5802277431251138	0.5696910260254738	0.6098827064119231	0.5658202768857509	0.5625290194101873	0.5679743484384727	0.5355356208612138	0.5770665670668635	0.549231456395045	0.5762040119307841	0.5653571136564913	0.5895979882927174	0.5765674440044503	0.5866231309356362	0.5721994854221208	0.5546556832624359	0.5670682501398739	0.5903648278884406	0.6157008849378519	0.5953392264422596	0.596223454587188	0.5948395274110105	0.6026823101992478	0.5924466059528302	0.5870094394029503	0.5640461001978379	0.6139357227071129	0.5934909814499563	0.5836155700254722	0.604115897696441	0.5942235385199622	0.6212245502321695	0.6114997946989683	0.5684749963210699	0.5547338103317603	0.5917655533086811	0.5627371258951771	0.6134472812098968	0.6000170240018601	0.5641019307274806	0.6049865974178738	0.6276440137825633
2_0418_9742	0.3241469972462603	0.3601636461779086	0	0.3123707271688469	0.323672443116677	0.3773213019929879	0.3359677434535097	0.3337597948059847	0.3703731095085024	0.3457766771981682	0.3559088705101351	0.3833652498539759	0.3614201992335281	0.3526907089107142	0.3853627680247811	0.5623223971070984	0.5940008073518044	0.5675634393704045	0.5727481916802121	0.5661535203232974	0.622395180700022	0.5889936658022606	0.6190429144509124	0.5706177108232516	0.6007631631759022	0.6531148668146719	0.5841494593228125	0.6040931659954959	0.5970322626444184	0.5948767256408893	0.5487566216067854	0.5717002453600508	0.5908434082691414	0.6030176361642888	0.4382981886732435	0.373553959488694	0.392116539819897	0.4363264462275732	0.5057911550727013	0.3552801661214716	0.3641213664386039	0.4375988194191183	0.4266167007730208	0.4412687913060019	0.3775535606523114	0.3846463299518094	0.3947809418632002	0.3736681103949402	0.4771757172948621	0.5593659408372023	0.4326170526505479	0.4421075879886128	0.4812771512215605	0.3610451453281813	0.4157534396499087	0.4058832354917982	0.4026932872965336	0.3247333041208303	0.3686763693691619	0.4176949363188469	0.3934449752143655	0.4143261787733202	0.395132537995932	0.3577739520447886	0.3852185908824045	0.3170443168885901	0.4058265801848153	0.3674150215587764	0.3921715021357663	0.3690018634224056	0.338200312649037	0.3458480485074486	0.4212578531039535	0.3979743689228571	0.3476648728224739	0.3600679170669129	0.3795776794691151	0.3874488560157061	0.3861387450455205	0.4325208759281475	0.4096816939374393	0.3297154550204252	0.3758848526482199	0.3671735971550264	0.5805718984331254	0.6174695985061357	0.5697314908477341	0.6113572304756127	0.5862508252905302	0.5855960967636491	0.5820958025762347	0.583257777830587	0.6001982296237756	0.609301266864909	0.5935607968828709	0.5920621713321419	0.6243511370836696	0.9668681645301286	0.615156767923205	0.6163434095264433	0.5896865809800446	0.6169886969123751	0.5882198629704333	0.5784755724176643	0.5983593155614297	0.5951008013549209	0.6249310943057362	0.6079494926259612	0.6179853570831845	0.6122132746240159	0.6179511322078056	0.5939834544796092	0.6039653104159018	0.6205194813437913	0.6016220246020951	0.6241299825467459	0.6016406025225771	0.5883341828428377	0.5897439220787127	0.5876222048300506	0.5964136933687457	0.6017618197010577	0.6013203884652079	0.5999806970876823	0.6096572850836216	0.6062093258704275	0.5866544524312608	0.6066233188640781	0.6056747705097527	0.6002620894607857	0.5896581191519538	0.6036188679249129	0.619258056263162	0.6089368903607736	0.6084636346326113	0.5992280696144011	0.608305105676489	0.6044747085758114	0.5809537037320296	0.6205325575205172	0.6003496653895959	0.6036200607144123	0.6064232443239042	0.6046329539138369	0.6187151724777565	0.6294101355925685	0.5863677459170223	0.588930066330547	0.6085245957220961	0.6072054070848131	0.601031614047172	0.6161176883867555	0.6160843540841835	0.6088037710533873	0.6580682827352299
2_0418_9743	0.2869434500599075	0.3265383015723295	0.3123707271688469	0	0.3614701803238439	0.3581198605508093	0.3280801013532585	0.3250893499652185	0.3509629931390826	0.30311014399419	0.3201548044008821	0.3988232910114465	0.3357948664777227	0.2593335626825789	0.3683021249585904	0.5348537150635051	0.5286547366714999	0.5387097742597401	0.5118065818434405	0.5296642699937227	0.6142879165765918	0.5359004167016314	0.5727190083544896	0.5391979226506323	0.5607864930411057	0.6216776465280419	0.5784056727123819	0.5756040463440597	0.5785259315213069	0.5713323070723353	0.5335610843194795	0.5222372529789465	0.5481956302279504	0.5792559242263727	0.3728660733638311	0.3418778237232567	0.3672898955038418	0.3445386077702722	0.4801442487659526	0.3256901126715767	0.3457810746835234	0.3868974674400134	0.389288467273225	0.3944704358647469	0.3488725664882357	0.3656739955164485	0.3754041271400329	0.3596894645847643	0.4588908768927547	0.5044972163715249	0.372604099174857	0.4104851497753546	0.4048808546224278	0.3191690182354848	0.3935435806942112	0.3829688482468402	0.4080247733656178	0.3134394123922955	0.326647868992583	0.4056953233674385	0.3610635059301069	0.4235567362633164	0.417846621125602	0.3080925607780347	0.3900800367195945	0.3057182118569557	0.4187791519170397	0.3528497518689821	0.3295103590790495	0.3704937252518292	0.3477405424710254	0.3330870247180799	0.4028264732817726	0.3658148555320525	0.3341469690885383	0.3466569374014379	0.3355467536911506	0.3557260508822336	0.3434116622602215	0.4127701190472953	0.4071745446798503	0.3581985869903835	0.3536514495745573	0.3698968391751469	0.5532080330459082	0.6028061649163388	0.5546390380881702	0.5860966128352814	0.5917167958223281	0.5733484689452277	0.5773946315265213	0.5756198925278577	0.5745535033355372	0.5816579733049985	0.5637827266388047	0.5612895216931784	0.5708965036666513	0.9576624391226912	0.6006692546685783	0.595979809675781	0.570699232251737	0.5971289070514245	0.5632528330488954	0.5348441701229187	0.5653708369190087	0.5692673560071994	0.6071187348131575	0.5888334941564644	0.592937938577235	0.589889153492086	0.5963997720972261	0.5725780857001571	0.5736126100472588	0.5943119605982677	0.5850038233784853	0.591079154098605	0.5833349552571739	0.5817795084806991	0.5772052907518787	0.5692169536882141	0.5982306066249884	0.5820952351096357	0.5963190432157734	0.5794177928463248	0.6042482345687327	0.5887993479570384	0.5881633099311261	0.5852088417316377	0.5690130049024436	0.5807442421597397	0.5963586493342076	0.6036243658664017	0.6064553659405328	0.599790496431629	0.5892974875194794	0.5816227575833174	0.589832194536724	0.595582416281541	0.5670933609151299	0.6023707103305642	0.6016888196629135	0.600830611842328	0.5926903090027404	0.5903479166878672	0.6088997311439778	0.6277662745393275	0.5733766026270567	0.569896525238191	0.6031034135669849	0.5931027227573861	0.5965228689147971	0.6020338303539438	0.6091222343247535	0.6077479362917215	0.6511716641214605
2_0418_9744	0.3554748325099988	0.3558720277533065	0.323672443116677	0.3614701803238439	0	0.364474171722004	0.3641538848813282	0.3569742853668117	0.4146174136295785	0.3321146086010237	0.3561444103126551	0.3573269974937879	0.3757468323943032	0.3513501749373691	0.3628873177532437	0.5718555893826824	0.5876918480130603	0.5575446636325894	0.5577356196019093	0.5592341491738174	0.6143587944413882	0.5647897681812769	0.5838299274954983	0.5718206765463582	0.5943915750951934	0.6071103563981004	0.5842734035142766	0.5815783998076947	0.6091199757973738	0.5900173005693888	0.5685416674828643	0.537311120323008	0.5857815687703204	0.5686689256226303	0.4351141062508461	0.3602271090693673	0.4301592269191179	0.4216169960544595	0.506128017036882	0.3726074494910264	0.4363481818997993	0.457926221140896	0.4074684180096047	0.4062201980459339	0.3878304230015714	0.4253399052884003	0.424891839674447	0.3789582014548931	0.4420641978727378	0.5487262299185127	0.3707239895519043	0.4170195989094324	0.4617176646051736	0.3780008773404445	0.4405340801458834	0.4195613445640302	0.3901493250564028	0.3673113966482719	0.3883565490968615	0.3988952766186386	0.3813500018993525	0.3900191646216624	0.4089516428334943	0.3464395919641332	0.3548730695399008	0.3442137516829104	0.4688142130612183	0.4077215356920101	0.4070165691796933	0.3998086202291506	0.3953175914521672	0.3962262965542837	0.3732306142009127	0.430687922449885	0.3829279620014557	0.4160511917206774	0.4049821180092997	0.3619958135891054	0.4278268449092537	0.4800191871643956	0.4088968089746528	0.3762180052705565	0.3992759826022581	0.429755420072049	0.5757587611515272	0.605622916078258	0.5706920680618759	0.5753380404679377	0.5747971640373964	0.5946012753081729	0.5924803144529401	0.5889272025244959	0.5847984311346257	0.585482780446121	0.5892877967542228	0.5803151599801128	0.5824579555440836	0.9593949450703921	0.5818849281216613	0.5996758618399495	0.5726445802611815	0.604426143194689	0.5816074264280098	0.5864248186641289	0.5968611672330062	0.5784756613730991	0.5915938235523944	0.5790774989055151	0.6015429318225772	0.5689152249341273	0.6055880770078806	0.5896852055817013	0.5789742127073546	0.6033354953606084	0.5618269986262729	0.6042419250272307	0.587304731030074	0.5703362621534728	0.5797991804868421	0.5687941438276073	0.567349089180992	0.570641902321563	0.5751786312393098	0.5619168534070166	0.5868220142661394	0.5646887653660257	0.6018129644900199	0.5853849172435336	0.5820646279837338	0.5654220587970578	0.6183990825539625	0.6098735129924899	0.598093122350161	0.6316593720666475	0.6040842415696011	0.6188383122487431	0.6344688289393708	0.6087489403237523	0.6014513954368509	0.6340293270110621	0.5956412331431921	0.6164872624451787	0.6248673131487622	0.6162444134774077	0.6165612640944653	0.6265875571272518	0.5708933049533145	0.5798311053699713	0.6205543482920781	0.6121591864398381	0.607924445647345	0.6409553252375784	0.6045247920081802	0.6393977287356842	0.6487377404510899
2_0418_9745	0.3412708848427223	0.3598846255617943	0.3773213019929879	0.3581198605508093	0.364474171722004	0	0.3689327985848024	0.436853433503512	0.3987567398927384	0.3915574294085263	0.4173065714057262	0.4050153602518371	0.3944238704766512	0.4206733320754624	0.350137753268529	0.5838089970854118	0.5797153939959689	0.5582028446341326	0.557236432706574	0.556193360146499	0.6340779770441082	0.5799069049706154	0.5842806169220138	0.5604540045845793	0.602414240260834	0.6066334151040396	0.5818405043031921	0.5833580689451966	0.6226215952372218	0.605170969575526	0.550908591393638	0.5607655598431479	0.6052651338450049	0.5948231495782205	0.3809345428210387	0.4020812055628888	0.4168733176075202	0.4147483763560868	0.4700478235174085	0.4251180952336936	0.4113904813827036	0.4702911841988019	0.3688233977924474	0.4356850512025882	0.4035779688219109	0.4209473134328409	0.4492637603205026	0.4007182261368216	0.4658120404427034	0.4554372151421269	0.4225833791911296	0.3955071640503842	0.5094538699116069	0.4047229082142785	0.410873369253103	0.4251255604805116	0.4243329840715909	0.4055054340227509	0.4217774332883071	0.400289154332427	0.4257371425266234	0.3910044462066522	0.4358086354500996	0.4039918101517217	0.3672454708774083	0.3684644574043202	0.45785229053668	0.4299523430735572	0.4282220731147661	0.4467203541616827	0.4077477969270248	0.3820452967536631	0.4183178370974727	0.4225606852564823	0.3977687746025819	0.4270324778045008	0.4350395889555534	0.4105076082514825	0.4486631269963052	0.4508523037461322	0.4269771707144873	0.4164599459335948	0.3847985716821232	0.4216548718143064	0.5912915529827411	0.5999614869058856	0.5504445899262073	0.6001532494182383	0.5803734921840155	0.6021853056353949	0.5917897310376936	0.5820995450294058	0.5889049188109116	0.5958128856450996	0.5864735790984872	0.5823014166815377	0.5978809884504076	0.9443880261727171	0.6111157319095309	0.6003953341364952	0.5928851962797346	0.5796331657834755	0.5826467506348488	0.5900212365524352	0.6024615689533463	0.5822294707022149	0.5676110209267361	0.5806445107487	0.5817294866296632	0.5542146667261058	0.599870453893649	0.5856707907046282	0.5791102686227451	0.5778739610561603	0.5911047456737755	0.6081281463107023	0.5665660229068079	0.5662838707142038	0.5845763907967	0.5715290383644737	0.5832113535263427	0.5997223664000791	0.5600081206691614	0.5838197604630335	0.5661406918362271	0.5843488066787075	0.6211979159658053	0.5950733433896329	0.5700233466866166	0.5591467232629006	0.6297607379134859	0.6299184525705652	0.5894090450641902	0.6426906896118602	0.6197592291353634	0.6356259863898414	0.638613221880635	0.6050379165844889	0.6035227689453674	0.6362995301975642	0.6010520519524947	0.6241947112114543	0.6325222700656602	0.6182473317603434	0.6079389136726291	0.6151685814982943	0.5958035203907405	0.5854329778994336	0.6364185569432413	0.6006491217947817	0.6414887779748745	0.6211672119282227	0.5915840217055606	0.6429929830796413	0.6234052739836374
2_0418_9746	0.3344031639149112	0.3238042797558863	0.3359677434535097	0.3280801013532585	0.3641538848813282	0.3689327985848024	0	0.3364074810985528	0.4213035121805322	0.3507848910448256	0.3473244399050644	0.4366864459403705	0.3817295384102165	0.3793143861319734	0.4049798614385928	0.5619298573074478	0.5770642304303142	0.5640816641554472	0.5294576689288677	0.5251604610779084	0.5992777479123678	0.5553485506240717	0.5599263922015513	0.539948113078863	0.5437556315683623	0.6175724619992458	0.5805780459800215	0.5913149715387845	0.5945232237734159	0.590637121400194	0.5181729473896672	0.5446501883871629	0.5923607854926682	0.5609389222909118	0.3942987943586904	0.3501663789942689	0.4329336189121112	0.3648011013524214	0.4630057933935982	0.3814422562250742	0.4271869620101776	0.4547257192184386	0.4024658627606847	0.4160463343855461	0.3555603557251789	0.4151818690849455	0.4144787521280645	0.3720720384697901	0.4457239482003336	0.4785777417503846	0.4154940091641976	0.4410827013589583	0.4902238923747298	0.3812227598427935	0.3846880184435106	0.4471245987811958	0.4410576550534779	0.3906249230471619	0.3808122156822051	0.407678227206525	0.4029645282728065	0.3816336238434969	0.4313655546427659	0.3807131178573543	0.3873240494201083	0.3537749693622835	0.4469847549822624	0.3730434318968898	0.3906701408718773	0.3811812215861613	0.4270586524196875	0.3956322429031204	0.4384934475192038	0.3953572101266363	0.3960432617914617	0.4375944391894522	0.3932823450652221	0.3888450364526587	0.4195081733043253	0.44902373672836	0.4221076001319745	0.3877825753418797	0.3936545807989515	0.4457258708603491	0.5758706500973211	0.5755475511194402	0.5468044044200453	0.5914837185282822	0.589639712559494	0.5735216840450217	0.5857327917232734	0.5814688487500338	0.5757136304266349	0.5589625913696951	0.5658170100160488	0.5640066602260263	0.5612015543925207	0.950752695427019	0.5858086865471939	0.5993973051581172	0.5711501360052104	0.5790202953256518	0.557492714016311	0.5745391751688916	0.5787871112524698	0.5761516158624749	0.5926030821089581	0.578207159868023	0.5919575136331201	0.5794710394219212	0.6044382002736489	0.5733752614928945	0.5760915856598082	0.6003977027619105	0.5785199885623183	0.6027522766750562	0.5996437059722084	0.5976139914282531	0.5753084815442181	0.5789055604549559	0.5905553529684043	0.5775378534634191	0.5787787636826467	0.589392440402119	0.6007677897163506	0.5837335190258771	0.6251828307033427	0.5735382299418392	0.5739198697886541	0.5551379753622846	0.6315952936709021	0.636968128502742	0.6057611814839891	0.627308847377175	0.5946753683812742	0.6285863803545211	0.6379781841052766	0.6106108253886176	0.5936537880758044	0.6524717297347332	0.614251828997272	0.6089502921813881	0.6349743582527477	0.6195051749096864	0.6244875655014509	0.6193291628892981	0.5941484858874175	0.6085377813062532	0.6174755208850942	0.5846485689919872	0.6210692516304823	0.6201751119974088	0.6053903613259362	0.6434294058986155	0.6241644768207663
2_0418_9747	0.3495424036826975	0.3422139194601597	0.3337597948059847	0.3250893499652185	0.3569742853668117	0.436853433503512	0.3364074810985528	0	0.3867148357673257	0.3434512696897147	0.3660073471637548	0.3999973679368239	0.3402686131313509	0.3511416476411127	0.4207588845723806	0.5403573006976764	0.5566445957481504	0.5428912972460395	0.5258344443769321	0.5334540519545339	0.5991702138672861	0.5481437648355235	0.5876672367693972	0.5431121959845746	0.5742090693501419	0.6195452672263048	0.5747101697437219	0.5987912137947	0.566593414992688	0.5628845547327881	0.502508896163202	0.5524641434793414	0.5579138374250715	0.5763964193811474	0.4501721407223507	0.3274809703078795	0.3610747227459363	0.3993044118399165	0.5015835711665396	0.2930433682255946	0.3470361771757244	0.402681862830259	0.4589352745502464	0.4405054101769297	0.3497926819342361	0.425068168255952	0.3553503639061261	0.3785921614509249	0.4912664046678006	0.5515212278934168	0.4099997090721694	0.4598377390137759	0.447988958969312	0.3525752721625719	0.4088211141427807	0.3738253845701651	0.3850459480367078	0.3684623934352337	0.344833768255985	0.4136013983622114	0.3882247294390762	0.4141814698349667	0.3933766428433919	0.3718293363882772	0.403839540929161	0.3760333944674592	0.3770415568790634	0.3232136351745437	0.3510445663270894	0.3993612884839874	0.3513606762634583	0.341672576679295	0.4563159321832477	0.3907963293342315	0.3408798237597042	0.3568099597468051	0.3608338242326541	0.3792444167318963	0.3116256396225267	0.4296016626719897	0.4158765223936302	0.3108600717858506	0.3669168934834056	0.3660900706272311	0.5602931443408435	0.5705552753767248	0.5826382179778676	0.5587817640468274	0.566644710362585	0.5739100328660151	0.5821632179891794	0.5666391261649514	0.5693222947698346	0.5682492966264086	0.5670589856547609	0.5759239458710703	0.583453950920468	0.9693412389191175	0.5863500580307039	0.5884847476922146	0.5635471003158786	0.5772940010066201	0.5590791817089334	0.5588632406745551	0.5630388435703595	0.5633112137627101	0.6009696019997887	0.5730530871650934	0.6019943687646884	0.5803304370179316	0.6005693671005898	0.5609064660662791	0.5573762797332374	0.5850460077860712	0.5889561941638328	0.5881668190363015	0.5939824478264925	0.5778196807497032	0.5796561250535293	0.5598532596184055	0.5929683146687532	0.565764497688595	0.6009126494535152	0.5772889618504184	0.5917816997307231	0.5861744152094434	0.5666587178614891	0.5571292179176475	0.5771485823746456	0.5832135697561257	0.5849728059220339	0.590658982523104	0.5998995461929686	0.5806192743938976	0.5879625482425758	0.5725197418589651	0.5790147550701221	0.5685992069476931	0.5480247015230139	0.5989116118778253	0.5971143979339433	0.5690301589683403	0.5766577019025333	0.58531401508204	0.6055981719743756	0.6038824296482711	0.5716228351437133	0.5709740408859412	0.5764960014400125	0.609411253188769	0.5883418574440271	0.5919213267900129	0.6035784933669072	0.5941707326581666	0.6397490052245586
2_0418_9748	0.3424961209517826	0.3427351203906733	0.3703731095085024	0.3509629931390826	0.4146174136295785	0.3987567398927384	0.4213035121805322	0.3867148357673257	0	0.4008613814642401	0.3781296475809623	0.3902740980281177	0.3538199624696018	0.3401779062270764	0.3908708365909426	0.5209341333103061	0.505854891141193	0.5061955813572231	0.5016705280512616	0.5081187099938904	0.5716442218281574	0.5232043350853371	0.5559400109201559	0.4959137361981586	0.5489377406804643	0.6057361624096304	0.5496500015870321	0.5425057026597442	0.5533054007259425	0.5568675922923071	0.5376618972700072	0.5257349309994875	0.5287956472424283	0.5629428416442819	0.4830322287037473	0.4017472582939913	0.4334796391110832	0.4430883916030632	0.5094028179715464	0.3728895681100829	0.3845925214199295	0.3996429624462575	0.4833575659495274	0.4511596219571651	0.4266294045978879	0.4481631742027121	0.3749816164866677	0.4237739420441543	0.4951030674089987	0.559541415029115	0.4290392981259002	0.3919852396323872	0.4281145246764266	0.3891184054210199	0.4450670313676834	0.3600256068332848	0.4037878066406683	0.3819543507191287	0.3648586047445864	0.3890305406476545	0.4080955827950878	0.4286156189594773	0.402743861676936	0.4230575254798372	0.4092430036350163	0.3997634707700434	0.4018864872940044	0.3990555367430849	0.4036908537709253	0.4091762327940044	0.3791544092196815	0.3559283452862932	0.4313815359396203	0.4394913142135435	0.4089576811477225	0.3588837347807727	0.4335545174397872	0.3531046781704977	0.3882132818230778	0.4336488394935626	0.3947567238967779	0.3820586302132312	0.3380701666177393	0.3769653187005486	0.5254628772765629	0.5692653155864477	0.5336027072862007	0.5621761113343463	0.5378880330928233	0.5365949217309822	0.5218971715928071	0.5414467795075434	0.5226877179106776	0.544637199450391	0.5260613845572051	0.5533352520436503	0.545767776709401	0.9588291967717787	0.5686664068245304	0.5411556304327756	0.5472537040149502	0.5668358996677467	0.5538007040614602	0.5182347643007839	0.5295750123689771	0.6000391603344849	0.6189380797774992	0.6005353817967806	0.6135637776044965	0.5996288437418684	0.6140181192810632	0.5818584173492984	0.5860216050811908	0.6022266307874792	0.6071172860156533	0.6106939140925187	0.5880978865755547	0.5969291352886171	0.6047427817639907	0.5388814154628672	0.603527268235398	0.5794095208840639	0.6076546197367891	0.5957121179189833	0.6200803214600362	0.6041617219280513	0.5876789935718848	0.5964528845763566	0.5790009371864679	0.6112829177611794	0.5849145463942541	0.6149689968311902	0.6216810429327316	0.6059508899030055	0.6137446919749439	0.5996049341238184	0.6017209388047844	0.6037671068174013	0.5778987726053881	0.6108758181837131	0.6034496543271458	0.6052468347060251	0.5998046015334123	0.6084232158092694	0.6295550110783084	0.6362732797553788	0.5866986908837754	0.5762620297988547	0.6134918274082147	0.6032216143673195	0.6129400457047361	0.5969922309269681	0.6186646653729976	0.6134931342984709	0.6710546506512522
2_0418_9749	0.3155510531584225	0.3651663199436202	0.3457766771981682	0.30311014399419	0.3321146086010237	0.3915574294085263	0.3507848910448256	0.3434512696897147	0.4008613814642401	0	0.358734817507014	0.4187837508959301	0.3621165517853783	0.333519479106237	0.3800836964663125	0.582154890857094	0.5847703991951042	0.5818624200647085	0.5418840380754821	0.5667350016587863	0.6262149562680309	0.5696697038956327	0.6019820660517323	0.578209468915542	0.5923581128413794	0.6312433461009569	0.6056556481177068	0.598573365187528	0.599642754943149	0.5989280463276145	0.5593701635236166	0.5503621792761398	0.5771652978758894	0.5949501385902368	0.4101990931610909	0.3795647526905418	0.4255690131460703	0.3901362419252703	0.508377642501087	0.3699669303203663	0.4107691671808434	0.4513023035046579	0.3934683683828133	0.4436065021843809	0.3981558245617314	0.4091923694705811	0.4277768952333491	0.3752343577084912	0.4361260692520334	0.507779480203373	0.4091595454552071	0.4180113647900265	0.4499390097437764	0.3410957754796418	0.4350240927290597	0.428732002711545	0.4327935945451982	0.3563127110212773	0.3809221526300186	0.4254639056209515	0.3964504264545403	0.404836570238282	0.4541236995300256	0.3357985146828586	0.3832873818897387	0.3273534523690957	0.4624222549561079	0.3730043130331735	0.3628224917390892	0.3581906612625251	0.3705692871937855	0.3614085787107353	0.3793671196674855	0.3947014163993466	0.3583786734020058	0.4124034304625762	0.3272782404234718	0.3785026612761077	0.3569331344861772	0.448076262905583	0.4290081087789788	0.3762518817784296	0.3838426423199255	0.4253045348721975	0.6059389653017471	0.6409716439207863	0.588242764272994	0.6101165664761012	0.6092175986522333	0.5964071094762604	0.6185013411958792	0.5938870721753861	0.6015588451289502	0.6111206420840902	0.6065288093107032	0.6124394990891563	0.5793638351749911	0.964130182743638	0.6136404914081713	0.6282969773276418	0.5992078359078792	0.6049670554849608	0.6006580356135887	0.5840275590238043	0.5878550510134427	0.5972471624142693	0.6182482453365642	0.6147878600450307	0.6278088603256895	0.6169874004080574	0.6303495016569838	0.6005649954145653	0.6045755142491592	0.6266675755587379	0.6068191484457747	0.6225069300165512	0.6052741585730262	0.6022182393271003	0.6080812586412527	0.5907494732534135	0.61929473223436	0.5939019801229715	0.6115182538103245	0.6114538297264297	0.6323254704675001	0.5982289575273132	0.6004233957341537	0.597624558633526	0.601397840489685	0.5924354516014427	0.6220740944929556	0.6137254349970059	0.6126716018446507	0.6286305306482236	0.6024574147010143	0.6021816249710227	0.6130022499213579	0.6028986810038272	0.5990900666902413	0.6195768075174429	0.6011144490979006	0.6070795251920402	0.6231873180828523	0.6078740588694793	0.6262484106729116	0.6128535938967412	0.6099407204539471	0.5874144846980975	0.6196034071548667	0.6113424158052129	0.5951552684763308	0.6132354326528492	0.6099502937509405	0.6164262829427636	0.6427729943606008
2_0418_9750	0.3467548395480408	0.3578412620304695	0.3559088705101351	0.3201548044008821	0.3561444103126551	0.4173065714057262	0.3473244399050644	0.3660073471637548	0.3781296475809623	0.358734817507014	0	0.3950715981462848	0.3562738850385189	0.3267253289522494	0.3499441294397279	0.5193293239169988	0.5372708239040868	0.5337310823181558	0.5089303628790318	0.5171200952106279	0.6154352195572655	0.5151132347882108	0.5668191766144052	0.5072976750799583	0.5507123686071131	0.6112310648593494	0.5539054817403776	0.5750598435908102	0.5590162086354132	0.5352345102093486	0.5166197742320762	0.5265767679143113	0.5452412651843008	0.5448539392981231	0.4685921376522625	0.3464192592160885	0.387382322029015	0.3974227066029366	0.4892761543681534	0.3504863327324511	0.3611764598748336	0.3577359624695293	0.4098337705295979	0.4150870736879446	0.404531224663281	0.3852228222568436	0.3816109493091511	0.3934043153767868	0.4599342605397821	0.5437034046992282	0.4144039917309757	0.3998686122643575	0.4046312327829056	0.3689145106582102	0.4284139836408034	0.3686966473690677	0.4077573915704354	0.3773610579832281	0.3979425837730881	0.3647506910385375	0.3839605422769748	0.440728281058675	0.3759319270886796	0.3812159729184751	0.3705614854172803	0.3427714256327595	0.4178365031277945	0.3684383383746299	0.3888069826776189	0.4166411735813642	0.3406539307661922	0.362307250042135	0.443393362580201	0.3987979965287045	0.3738609175592983	0.3781808989382767	0.391259022346967	0.3633512343132222	0.3725536917321027	0.4123105223452621	0.3797239305132585	0.3589521830051142	0.4043065377561567	0.3538468943425488	0.5407138751231028	0.5752169863038796	0.5382734772844027	0.5629131962397815	0.5597468837600834	0.5548951100514389	0.5437797044356739	0.5448531827782823	0.5600609041861465	0.5440561275402923	0.5429819785866755	0.5265041373460154	0.5592734870712969	0.9633433292324388	0.5689304312036725	0.5783226944619281	0.5419129514722094	0.565067800149138	0.5363943087931237	0.5397377693724056	0.5455499603913093	0.5417487749160417	0.5688371222415496	0.5397611464223044	0.5616929005609239	0.5599072088102899	0.5703728950199742	0.5186787513395635	0.5490613332775858	0.5633517238530003	0.5541155471050287	0.578378374476251	0.5646447316627844	0.5567716173271703	0.5351915397249495	0.5219112179218696	0.5683708778611745	0.5235806275519249	0.5613774052477797	0.570058400719347	0.5767418665937469	0.5751752613604759	0.5800200777949641	0.5541544979540673	0.5344585569062308	0.5559692938994896	0.5855217658484068	0.5809096238413034	0.6131718270374086	0.5919242859186771	0.5808446851639639	0.5841977099018297	0.5722152214765301	0.5911659129989844	0.5634051862423523	0.5721993134857863	0.5920276086199756	0.5761515210446714	0.5750958903394278	0.5720188304950052	0.6130279784277131	0.6201950660994288	0.546806268462686	0.548256283003739	0.5944068923837598	0.5840945524804556	0.5857867704455572	0.5832473257785888	0.5810362473263472	0.5925200069265286	0.6487189118567437
2_0418_9751	0.4311166012592741	0.3818461684704183	0.3833652498539759	0.3988232910114465	0.3573269974937879	0.4050153602518371	0.4366864459403705	0.3999973679368239	0.3902740980281177	0.4187837508959301	0.3950715981462848	0	0.3915804975068373	0.4164488708216658	0.375836790192044	0.542233797498909	0.5647701222580557	0.5445849053317673	0.5657287829461661	0.5479089364930242	0.6215272965531876	0.5706982664676503	0.6000482737134405	0.5690810693934137	0.5759329137420055	0.6306524380897502	0.594738570783545	0.6046046025649445	0.5804770327386046	0.5729022000923638	0.5540876405448011	0.5642811449450066	0.5714750904290046	0.57281304699744	0.4622066211026488	0.4137382168171596	0.4336201249245624	0.4632417104518116	0.5246618687259612	0.3729604175340125	0.4201672498668646	0.4598940138451085	0.4804305422506634	0.4698461215108308	0.3991522468918355	0.4460163984677823	0.4341892638172463	0.4227284440605914	0.4693863741187542	0.5704380270272039	0.4364705612396947	0.444813381490196	0.4559988435716459	0.420971182163378	0.4796934475312855	0.3753353337600445	0.4029323616815169	0.3788237432772888	0.4086485677570671	0.4180905204817021	0.4062180786859377	0.3938432116504951	0.4191253521349809	0.3929568428140801	0.4105482737276707	0.3753914458686871	0.4262519396000998	0.412674798064665	0.428961102512085	0.4415251861993866	0.3996339097286359	0.3706778486007309	0.4321375979163043	0.4360863235205271	0.4009001397211363	0.399434743707517	0.4149259224383658	0.357457860182113	0.4080865443003679	0.4381843911398143	0.4029534573808342	0.3900452089422658	0.3812126446807094	0.4178605437420859	0.5624584521803728	0.607462428561918	0.5867868044851215	0.5743176852643027	0.5775525497571781	0.5829890475276304	0.5823093228036239	0.5760557316798764	0.5835556104508856	0.5894431033231282	0.5773784577190605	0.5962742844750571	0.6069113690168337	0.9627468751794687	0.5870385056213054	0.5896409859186268	0.568764551499961	0.5991090491450232	0.5758853053918882	0.5731929328765715	0.5968932699835653	0.6132107893378552	0.6278611426329522	0.6165347650533797	0.6276848772881021	0.6081404067008539	0.6379705975317153	0.6132272803697825	0.6174287267202495	0.6237014676321143	0.6097536399250558	0.6355772466047722	0.5943147910700768	0.6047601451919872	0.6122501437976161	0.5733631195951323	0.5933775822060966	0.5997268852442366	0.603377023293251	0.6068497864710494	0.6230086602929441	0.6141262614194674	0.6109894588580459	0.6279594345881875	0.6122252436444764	0.6267149304263476	0.6226687295539549	0.6210685606638949	0.6225579214452185	0.6285502811184891	0.6367799300129865	0.6344649938625986	0.6269236469030314	0.6239552168920164	0.6039878037811597	0.6360735889742792	0.6063738455461738	0.601342890634173	0.6230756225521396	0.6332577527929731	0.609570447963323	0.6554777710485827	0.5845844294851691	0.6007315855642879	0.6396789241201184	0.6125890095407843	0.6218007406238122	0.6165143864191635	0.6211861908161225	0.6305747813742105	0.6561203819996889
