	2_0418_9740	2_0418_9741	2_0418_9742	2_0418_9743	2_0418_9744	2_0418_9745	2_0418_9746	2_0418_9747	2_0418_9748	2_0418_9749	2_0418_9750	2_0418_9751	2_0418_9752	2_0418_9753	2_0418_9754	3_0516_9831	3_0516_9832	3_0516_9833	3_0516_9834	3_0516_9835	3_0516_9836	3_0516_9837	3_0516_9838	3_0516_9839	3_0516_9840	3_0516_9841	3_0516_9842	3_0516_9843	3_0516_9844	3_0516_9845	3_0516_9846	3_0516_9847	3_0516_9849	3_0516_9851	41.9871.0530	41.9872.0530	41.9873.0530	41.9874.0530	41.9875.0530	41.9876.0530	41.9877.0530	41.9878.0530	41.9879.0530	41.9880.0530	41.9881.0530	41.9882.0530	41.9883.0530	41.9884.0530	41.9885.0530	41.9886.0530	41.9887.0530	41.9888.0530	41.9889.0530	41.9890.0530	51.9939.0613	51.9940.0613	51.9941.0613	51.9942.0613	51.9943.0613	51.9944.0613	51.9945.0613	51.9946.0613	51.9947.0613	51.9948.0613	51.9949.0613	51.9950.0613	51.9951.0613	51.9952.0613	51.9953.0613	61.9961.0627	61.9962.0627	61.9963.0627	61.9964.0627	61.9965.0627	61.9966.0627	61.9967.0627	61.9968.0627	61.9969.0627	61.9970.0627	61.9971.0627	61.9972.0627	61.9973.0627	61.9974.0627	61.9975.0627	71.100.0801	71.101.0801	71.102.0801	71.103.0801	71.104.0801	71.105.0801	71.106.0801	71.107.0801	71.108.0801	71.109.0801	71.110.0801	71.111.0801	71.112.0801	71.113.0801	71.114.0801	71.115.0801	71.116.0801	71.117.0801	71.118.0801	71.98.0801	71.99.0801	CDD02.CR.Chow.1.00	CDD02.CR.Chow.2.00	CDD02.CR.Chow.3.00	CDD02.CR.Chow.4.00	CDD02.CR.Chow.5.00	CDD02.CR.HFHF.1.00	CDD02.CR.HFHF.2.00	CDD02.CR.HFHF.3.00	CDD02.CR.HFHF.4.00	CDD02.CR.HFHF.5.00	CDD02.CR.HFLF.1.00	CDD02.CR.HFLF.2.00	CDD02.CR.HFLF.3.00	CDD02.CR.HFLF.4.00	CDD02.CR.HFLF.5.00	CDD02.CR.LFHF.1.00	CDD02.CR.LFHF.2.00	CDD02.CR.LFHF.3.00	CDD02.CR.LFHF.4.00	CDD02.CR.LFHF.5.00	CDD02.CR.LFLF.1.00	CDD02.CR.LFLF.2.00	CDD02.CR.LFLF.3.00	CDD02.CR.LFLF.4.00	CDD02.CR.LFLF.5.00	CDD02.Tc.Chow.1.00	CDD02.Tc.Chow.2.00	CDD02.Tc.Chow.3.00	CDD02.Tc.Chow.4.00	CDD02.Tc.Chow.5.00	CDD02.Tc.HFHF.1.00	CDD02.Tc.HFHF.2.00	CDD02.Tc.HFHF.3.00	CDD02.Tc.HFHF.4.00	CDD02.Tc.HFHF.5.00	CDD02.Tc.HFLF.1.00	CDD02.Tc.HFLF.2.00	CDD02.Tc.HFLF.3.00	CDD02.Tc.HFLF.4.00	CDD02.Tc.HFLF.5.00	CDD02.Tc.LFHF.1.00	CDD02.Tc.LFHF.2.00	CDD02.Tc.LFHF.3.00	CDD02.Tc.LFHF.4.00	CDD02.Tc.LFHF.5.00	CDD02.Tc.LFLF.1.00	CDD02.Tc.LFLF.2.00	CDD02.Tc.LFLF.3.00	CDD02.Tc.LFLF.4.00	CDD02.Tc.LFLF.5.00
2_0418_9740	0	0.3685055597174176	0.4569710351415296	0.3156838416377521	0.3694759357256198	0.3841980468930101	0.403521475274036	0.3898271816321865	0.5200260625924419	0.4954519859381393	0.3811402742136425	0.4587788907090447	0.5634375666166602	0.4921812517167806	0.3993392302510348	0.8540513015606493	0.7050641848562181	0.6449631296350846	0.6608303039518638	0.6544032574989178	0.5915712586722	0.5584833433095989	0.4836642958314885	0.6371784652094321	0.6294726354037899	0.5263895469441423	0.4857541461833874	0.5433288713004798	0.7446509748745258	0.7862423725371419	0.6599044343988281	0.6492849897448346	0.6957088352813598	0.6213753693154452	0.3842089266950604	0.471596606489095	0.3697301906963045	0.4682513476167689	0.4276724917988274	0.3821322723903263	0.4345482624972996	0.4441631233527768	0.4466727269233696	0.4112413299988855	0.4848050216477683	0.4485830768310103	0.46704027775625	0.4148224124572997	0.508505675432672	0.6254458028802282	0.3573367233879674	0.4584355062961455	0.5054707608207791	0.4729721459786318	0.2815727418771815	0.4241970221977979	0.4464462691058119	0.3872187917827916	0.3603322781815901	0.4871049374498324	0.2854529817689856	0.3861657732912797	0.3331625694584004	0.467535872188436	0.3124756389934225	0.4331725918987943	0.4819906002670818	0.3527177500537364	0.4091993104901667	0.4733856464524782	0.4937026158955	0.4513477949068028	0.56852352296356	0.5165916777587254	0.8120082173209295	0.6344959396231885	0.5285381969757815	0.6306590236723331	0.4898770203636837	0.5992091561742656	0.4638496282159603	0.4218093599522516	0.3720909116133946	0.6043455480431407	0.4931502008767299	0.661614228569933	0.4482897272971244	0.527224274906676	0.5360537200316948	0.6278364580733269	0.8064149531553926	0.4599561733220049	0.562268885413779	0.5836948666275427	0.4012665863902	0.5508548497635104	0.4870113213156689	1.180179661676984	0.7079272889132091	0.6381782828190913	0.6640015386679913	0.6455024667087004	0.4298833001811468	0.6660470204784742	0.5978702226508921	0.463591023964032	0.432420472182277	0.5376483764640064	0.5123621978920998	0.4822975810448761	0.8071133713527142	0.749602532955467	0.745990142811644	0.4419725541375277	0.5707493138058448	0.7163974015345111	0.4412125597859723	0.4599666062041985	0.615846244615985	0.7976789793811623	0.5524015944234751	0.822425764707329	0.5582643490598658	0.5888158790632181	0.4807431529092778	0.5864737139939298	0.7890798038216337	0.4811954971611612	0.6488514447572227	0.6848048734230658	0.7873308485581044	0.9033187786608669	0.6757312125655944	1.023757858131478	0.6467594116659823	0.7366941912258742	0.7924996778979886	0.6318674757527259	0.6693724033402226	0.8452146530892796	0.6576478352831595	0.5472931930312249	0.9981003435918073	0.6250271764072768	0.5281368875446109	0.6277364202765662	0.5719535846656092	0.6120436786074054	0.6224086259794777	0.7151751078593062	0.7551311373278916	0.6780135677301568	0.7063106675963444	0.8950441068323941	0.6265743325869545
2_0418_9741	0.3685055597174176	0	0.2397230901490468	0.1785083788202941	0.200388521699606	0.3049461053244497	0.2159660390252174	0.1962703632844607	0.4312462697865879	0.2682860927218597	0.2952802469259863	0.3089012564883438	0.4021925405588984	0.2253535858258938	0.2300108742220581	0.8720526559475016	0.6370994336926321	0.4935577274025767	0.4723458002082097	0.4523833015283507	0.5169651655093012	0.6009868428876295	0.5692389375350296	0.5407803540438908	0.4956731494632876	0.5369158564628143	0.6318762464132871	0.5349531876748846	0.5956522723444453	0.8322501438884807	0.5347447787143356	0.4770057982911083	0.5628358641745891	0.5057150846713013	0.2177552534598626	0.302707240803323	0.3498866702039046	0.2122631721993632	0.2690284125982777	0.1906094496858452	0.3053903002053928	0.3212223508583998	0.2967731404011202	0.3283105070222284	0.1985919733466778	0.1830022035326836	0.3715080499444625	0.1733995238246596	0.2466648287020229	0.5526270652576343	0.175956514854377	0.2387218276357767	0.3603484859741725	0.2328494919297608	0.2082524683987297	0.3148612279749751	0.1716377736174051	0.1835258478921321	0.2472195246788209	0.2579808223469051	0.2242056171193372	0.2472743512720446	0.2009646341546325	0.2632828540753399	0.3108778559061724	0.3966677522492031	0.4252458693754594	0.2205337825778931	0.2012929076361434	0.368854043109153	0.3993383773126711	0.3258778838943061	0.4415205519044056	0.3421966632510543	0.7242299779387007	0.6323926042307477	0.4513686349732677	0.4596574552445786	0.4539064784530919	0.5150673505877627	0.2290989969866691	0.373565702265057	0.2940114514207166	0.6175118750622853	0.6323514556351605	0.5085394249175954	0.6174750871746664	0.7670312630314425	0.5200484062137989	0.5301625156395756	0.8315607072304619	0.6101287323634557	0.4784019794606337	0.4770264005330228	0.6281336334082132	0.5743554997370837	0.5693528090136344	1.248647488917654	0.6140983355910734	0.5328178786483858	0.4954476520390654	0.5493959304525596	0.5648257187416762	0.4893970863175077	0.5030843219173373	0.5981952863665597	0.7103792670493537	0.5792419028785469	0.6214362891612026	0.745415736831227	0.8427652924423358	0.7678336797397221	0.729725603350099	0.6198146655280677	0.5583450495272586	0.6584461317374248	0.6648054606243494	0.6352275767927851	0.7923234681363269	0.8303456957530372	0.546826028412819	0.8374960549690418	0.659319440088272	0.6494734222832402	0.6038579538013124	0.6033687821773778	0.7265878091998381	0.7638452885297191	0.6336508868325709	0.6545218040039531	0.7844193237803724	0.9531668858098337	0.6238715441308376	1.038482423282289	0.5282296081947402	0.7705926345415683	0.7859970859355521	0.47452491849935	0.6177973806012996	0.8446292803126654	0.5674373985164864	0.5656681401577898	1.040884412707622	0.5767680453621067	0.4888330768912095	0.6225636285632531	0.6727759305212472	0.5965134796708002	0.624486554716691	0.6286490587882081	0.7783301102108642	0.7314825601548974	0.5788951490347249	0.9051945772832259	0.438832779828854
2_0418_9742	0.4569710351415296	0.2397230901490468	0	0.216474971586658	0.1396257323749134	0.1947541752959059	0.1281699759566368	0.1629110517645769	0.2628415421227595	0.1444267192017868	0.1740781806397215	0.1203741754696181	0.2532777217883472	0.1347187349870818	0.2019733876065733	0.9112397434418708	0.6599764722320371	0.4922884090462325	0.547292613321087	0.5668478476356039	0.5515768993616221	0.5664822882723365	0.6741053169344612	0.5570421250414177	0.5224002647585538	0.5627361538996749	0.7014361756120583	0.5329038566791304	0.5025431476391806	0.8742191611916355	0.5239355147447017	0.4811016838843751	0.6055575600516108	0.5568574729200387	0.3125437305299921	0.1454217790616361	0.4201464566341402	0.2174647227217053	0.3812145174430345	0.3246015312445413	0.3950792597299139	0.3924055930675837	0.4051215246476985	0.4601546719217981	0.2447743085344858	0.1739777208418371	0.4297398163839574	0.2824750320589209	0.14532584294057	0.6966697226330217	0.2533732741349856	0.2537595081974138	0.3979876681167384	0.213596343846258	0.3144871324244582	0.3791705701547852	0.2803408872770483	0.1999897930866764	0.1912595706463358	0.2911856397873894	0.315830588803148	0.3552292884404286	0.3640412743668591	0.2002765261061432	0.2235150483461696	0.2299696276260887	0.4422025165944678	0.2972026930892759	0.1507546257386987	0.2770150298114962	0.3969243416340708	0.2787130827633544	0.2752689474438023	0.2123654521035392	0.5678217827611716	0.6714574400986529	0.2976938475800948	0.2720491355900262	0.3255852490350408	0.3542028014851705	0.1591580149141748	0.4205505214251956	0.3573369171525885	0.6732761909091982	0.6831933904413909	0.491741120337889	0.7056709931232078	0.8759758533948764	0.6028415540969944	0.5046008516730451	0.8921376230196059	0.7170277107877463	0.5357265397305766	0.5856590860175431	0.7357158031043627	0.5266073021294164	0.5731926910550841	1.324419666163498	0.5630362722511761	0.6358608631067239	0.5427156549335411	0.579271495978683	0.6619629852052912	0.5224484030386342	0.50849801400172	0.6946541949815965	0.8063250832635528	0.6294086959541219	0.7062726258436935	0.8405913436548151	0.893620080530665	0.8157809813266805	0.7427113457975025	0.7289196850133219	0.6245603675582192	0.7124229597883637	0.7777389875300879	0.7407440762076662	0.84208817948506	0.9056785012470054	0.6422238858676766	0.8868433654513969	0.7646998126420885	0.7709971832748718	0.6753946368798247	0.6500482958404215	0.7785925457952767	0.8654867297292806	0.6799338750867057	0.7769883338662998	0.8331723263335326	0.9930305615383097	0.7408412147477184	1.081517500873095	0.5721190894170021	0.8159781093354979	0.8277639443886374	0.4732605998886524	0.7079229521545487	0.8858182235860554	0.5661798843133636	0.6050233346855729	1.090160714552025	0.5804753278655267	0.5280837875377686	0.7372357361563461	0.7263061837463418	0.7217137146552509	0.6529964787220474	0.6522916101097731	0.7684891281559487	0.7797931334825363	0.6443938344569639	0.9614637089063993	0.4747190792365146
2_0418_9743	0.3156838416377521	0.1785083788202941	0.216474971586658	0	0.1614129760119269	0.2194528041160325	0.1981722447343694	0.1376773935837158	0.3817911863319255	0.2714951605663045	0.2240095539587514	0.257839818065579	0.3616258026314683	0.2444253735523118	0.269969058222677	0.8804533163395768	0.6346693738074808	0.4695449709566802	0.500977616642485	0.5167535226933156	0.4739332361735168	0.5289862740477548	0.555457776131243	0.5269487169875564	0.4726176449436457	0.4805966606973993	0.6094404094305874	0.4558290606196489	0.5610441035978061	0.8414097270615355	0.5085787961710179	0.4656763974391036	0.5753922565529361	0.5139814853681767	0.252527025342627	0.2418956552949554	0.3747511952410759	0.2284375372942226	0.3514402777683667	0.2701395022452231	0.3981285136994011	0.3977900612470533	0.356404626641227	0.402595026850947	0.2541418983053418	0.2384238904903893	0.396179890862463	0.2439132200815626	0.2633867426074079	0.6495035022803153	0.2106176999038219	0.2886692064840696	0.3792743311207872	0.260854701134361	0.2303856487305239	0.3567358432921804	0.2495942936613508	0.1965442543829663	0.151469007121872	0.3231510124842791	0.2304741709124653	0.3010533824754592	0.3111218796166206	0.2899242363329821	0.2391438591206056	0.2890330542681254	0.4283258484275721	0.2791970933468463	0.1798262051358822	0.3151184162828757	0.3992066799845229	0.2700561598278833	0.3883596162176757	0.2842490553197081	0.6826871704232299	0.639720854334224	0.3835129361420729	0.4042893168167692	0.3740422636202071	0.4761435324073697	0.2740851695375665	0.3886888416262623	0.2975783495815081	0.6424559496667579	0.6047632934475895	0.4810147302435524	0.5883177171278224	0.7522784319581	0.4996217945189863	0.4800277213905849	0.8622089928217891	0.5985996530453905	0.4332958327936113	0.5011319217375653	0.6203294101342367	0.5047237026366302	0.5239623836515469	1.265297592026155	0.5977601395215802	0.6088854303981927	0.51362498721086	0.5470195125898724	0.5504782301701497	0.5153088422554559	0.4430536442941438	0.5364487060711228	0.6660153201970114	0.5238847871206085	0.5793677977848563	0.6991612148320669	0.8362749778338218	0.7546245006523407	0.6904409893440434	0.5732332342272107	0.5181617956262355	0.6675371001324475	0.6218363487674189	0.5846685817126135	0.7579230595297599	0.823871496289121	0.5087705040056373	0.8302402995082906	0.6428216462111007	0.675135849070913	0.541788558463997	0.5621973561855251	0.7606592743665799	0.7270563476210725	0.6060054987265632	0.691959664736165	0.7955616845974669	0.9438575667404616	0.6846373020078157	1.04152383510178	0.5425154278735722	0.7441858513678281	0.7903179445543118	0.4756268910319773	0.6610602998900398	0.8442329988593218	0.538103745776962	0.5370516905784498	1.051218744832176	0.551267568181124	0.4624440767860451	0.6825876779370758	0.6142631099457332	0.6682497120984691	0.5984488581759033	0.6262145167714068	0.697832473511662	0.7018366546541768	0.6428320124374803	0.9261617438865265	0.470875994920749
2_0418_9744	0.3694759357256198	0.200388521699606	0.1396257323749134	0.1614129760119269	0	0.1768238369982137	0.1018649771842269	0.15402717622993	0.3499340451416804	0.2003454449854556	0.1830166826890541	0.2069480554251717	0.3068127102770151	0.1889322499806357	0.1561953338590994	0.9463324187992695	0.7049725680729308	0.4964074340263498	0.525074346387246	0.5475743241786133	0.4579742011962206	0.5556751510071304	0.5751345282302442	0.5918267909547205	0.4996644911693354	0.470753696915797	0.6698408859730312	0.4752861216020763	0.557440695317217	0.9080266798962561	0.5334882087378647	0.4428737147108924	0.6334654725251289	0.4734850703893216	0.2533978130280002	0.1998202717769567	0.4373054351900462	0.2174051771870011	0.3381236606631489	0.2947664818578327	0.4339649067604912	0.4410644878457605	0.3669703923293904	0.4225717225519731	0.2305503975683806	0.1585170184081966	0.4589616520204866	0.2596383614437504	0.191909957107177	0.651110244264096	0.2129769068161756	0.2146123295003552	0.4409401144444927	0.266286031914878	0.2396366033069709	0.3999123643949053	0.2475250000090661	0.2214368026933087	0.1242610654326554	0.2581616813137642	0.2441937438962005	0.296424164972424	0.3094290166269167	0.1931924621105704	0.1522499328291047	0.2540704606030727	0.4739556841937318	0.31086283667949	0.1136165798892249	0.348065018082319	0.4318024812127439	0.3292787151499595	0.331838909872231	0.2608981995377868	0.6419668042249838	0.7153119074326606	0.3486630461048225	0.3517705337132891	0.3386950641867535	0.4201307391040424	0.1737957215861931	0.4630698633364961	0.3623271116447215	0.7115532987023357	0.6728999460305982	0.5041661383448856	0.6196917918693927	0.7817164023609678	0.5199381676637472	0.5088534200737375	0.9243557604798187	0.6333753738826218	0.4534564250624489	0.503346004282749	0.6401317890533271	0.5039543462318452	0.4783096796443187	1.293320529614663	0.5988933335215139	0.6366538903982494	0.5378350692999218	0.6080806374489787	0.5792631952072809	0.54217941169535	0.4677657509546569	0.6212443469158334	0.71476333015657	0.6143916837183492	0.6653149360079647	0.7541824167105832	0.9226822667573167	0.8504159295977011	0.7664757982356817	0.6343058391200512	0.5962840661430533	0.7212877770590066	0.6922782022077079	0.6722586890895277	0.8236136474394592	0.9057026966363038	0.5582854688916554	0.9188020496714022	0.6773083055581195	0.694322934383257	0.6299216786832018	0.6153413966463168	0.8128776670589443	0.7714840919520083	0.6919503200449427	0.7238323601249679	0.8670237569554048	1.025587166519857	0.6992287959847688	1.109374540604541	0.5963944508912711	0.8455485357390746	0.8535680265788949	0.4909582881309328	0.7057112824047498	0.9118755967335542	0.6008824699197053	0.6100067355897015	1.116683816553593	0.6071191159245306	0.5286016646149869	0.6964469377186768	0.7079362642204772	0.6897754809864	0.6779196499340751	0.6850353743523311	0.775651531104485	0.7598808397977195	0.6780691568030432	0.98581322526325	0.4480982186516644
2_0418_9745	0.3841980468930101	0.3049461053244497	0.1947541752959059	0.2194528041160325	0.1768238369982137	0	0.1764246212654089	0.216391083701706	0.2940352022596605	0.2377176237917153	0.205540099097764	0.2041751672722998	0.3070913427067656	0.263260279020095	0.2651020555772118	0.9565305491729674	0.7187487178028542	0.5617889762225187	0.5999793759734848	0.6539159520606908	0.5673693027882608	0.5359933624861223	0.6198694365599254	0.6494093092593264	0.5791881562948099	0.5400717643779867	0.6472860553369215	0.4634860376403563	0.5890261240244317	0.9159895738980323	0.5975099397867025	0.5360680027385366	0.6938329416435781	0.5959142333097913	0.346325716808134	0.1767650190524694	0.4609361341311228	0.2986294720805612	0.4602681209254486	0.3973602856452873	0.5341647324495677	0.531422110936063	0.4662097853316389	0.505633319664312	0.3125680964683658	0.2685299435263087	0.4699644287448053	0.3518391226829029	0.2098293465976711	0.7416563397443751	0.3293681975140114	0.3192843355287853	0.5073612621144759	0.3366860942599551	0.3342082832940359	0.4756514106257874	0.3643670021471606	0.3193768698756294	0.192882650004436	0.3748435411126114	0.3697074875193895	0.4208158675505336	0.4300876521952872	0.2895492671938191	0.1394353518476228	0.1856693380072587	0.4868880020335078	0.4084582292215931	0.1963133502534699	0.3202574586744113	0.4448913372963392	0.3738766846616817	0.2731154516812353	0.257665907189084	0.5866492985518524	0.7220322535689392	0.266052090960992	0.3351052741858455	0.3600478826263211	0.3562842739977393	0.2538943351520515	0.5033785136934751	0.3836587981857933	0.7256812691718917	0.652634295726366	0.553769325012454	0.6851350227527001	0.7961082093146137	0.6098572192350571	0.5558233412437817	0.9365258513777932	0.6500337651491265	0.5167542313531726	0.5976484025215181	0.6628372436082652	0.4937771532193208	0.4985026516206788	1.307462664648628	0.5780730355344107	0.7174596875524862	0.62832858204131	0.6546027140123052	0.6030110846739337	0.6264741599202838	0.4936128792933798	0.596363309492749	0.7240911542476843	0.5873971554986221	0.6234902229018522	0.7679227341131016	0.9069104095820875	0.8347094582940963	0.7507559577962829	0.6161095261941874	0.6217712615535642	0.794573536784183	0.6731088055737544	0.6377011228138657	0.8004795993443824	0.8858507907576477	0.6085767132178234	0.8997885579328313	0.7307346751364201	0.8003246857138576	0.5903050277791417	0.6672145702091434	0.8891376951609129	0.7775159996148054	0.7131596099303045	0.8032859381530493	0.8997696293148255	1.032975534751289	0.8115214585254354	1.119120529240496	0.6463641067492234	0.8366797344025442	0.9196200722596924	0.5286938506126246	0.8000571669672285	0.9423959454442655	0.618750333628087	0.615159746501647	1.128469148537593	0.6216954417153074	0.5399950441554098	0.8206873294079046	0.6858424761897364	0.8007205854960968	0.7132372471649425	0.7179399285825203	0.7636210997721887	0.7194779938173261	0.7441264272719517	0.9945510906320498	0.5365611113976064
2_0418_9746	0.403521475274036	0.2159660390252174	0.1281699759566368	0.1981722447343694	0.1018649771842269	0.1764246212654089	0	0.1688620996827822	0.3167102948389403	0.1609750260386125	0.1756668520918283	0.1973765776101422	0.3010852726625837	0.2035155897910874	0.1485726097326696	0.9608263893791368	0.7294123606033945	0.5263898434874434	0.5430392109350107	0.5590237103449416	0.5019844847522614	0.599053742336201	0.6192556157619293	0.6105873335631317	0.5091243011125884	0.5135647061387978	0.6942826467477514	0.5169656942666669	0.5712516375277684	0.9226629319732443	0.5535499718631514	0.4706326317245434	0.6625074981818996	0.5036632000894683	0.2460919100133969	0.190331669495657	0.449705597471341	0.2150501921621468	0.3360668983313849	0.2887675896959148	0.4313924599165417	0.4341038175501655	0.366748522464573	0.4123021407221655	0.2279638433392272	0.1625193154909464	0.4752520973618446	0.2621735179318931	0.1783411557751346	0.6529613318474332	0.2109040781904756	0.2150974457634754	0.4659591352521483	0.2543228846115621	0.2652799126038103	0.415675963535428	0.2653810034210435	0.2325229398469801	0.1651300846918348	0.2799548320377874	0.2637058041348609	0.3050190783404793	0.3196440017680859	0.1583458043525597	0.175368328302158	0.260852077716508	0.49419302046615	0.3167186384396696	0.1141676392074743	0.3613713691246193	0.4571457667498492	0.3489285399731715	0.3205634788267321	0.276725315050882	0.629422903328516	0.7338259891732285	0.3274387963489309	0.3349722195817035	0.3674169528563863	0.4136496326254128	0.1313900168059983	0.4768033875875772	0.3875459839182251	0.7344033253851989	0.7025524232327763	0.5294476863072621	0.6595101086948489	0.8288043349767484	0.5603980254598817	0.5206226476955627	0.9438952594703703	0.6740867693831151	0.5022035793516568	0.5568023839414699	0.6819357482748395	0.540822426547823	0.5221109665635505	1.307997571361468	0.616654716860442	0.6425882295524538	0.5550142490868486	0.6301289599032107	0.6211353967829311	0.5488506326596518	0.5045446789882215	0.644200806132263	0.7453722614046888	0.6325244141670243	0.6916057368463929	0.7882721952901391	0.9308492538247407	0.8516135808899152	0.7693131801048232	0.6649244746625088	0.6031262154351588	0.7189739028567924	0.7198018932866942	0.6902967722090024	0.8517743053185094	0.9143265539044886	0.5974419309696828	0.9243318659629975	0.6929817253863694	0.7282699056281529	0.6509938454520344	0.6281298630269558	0.8287954614238899	0.8068364342658224	0.6963286196172731	0.7182994397530534	0.8832969788017154	1.039393720791624	0.7163802930534772	1.12811323300767	0.598228722129858	0.8559064779726995	0.8758949279276335	0.4933680142733463	0.7166366900388504	0.9331935256622995	0.6201243081641489	0.6260592905734841	1.139034639028479	0.627782752545852	0.5535108751229305	0.718024293663983	0.7264041914875887	0.6974398582626262	0.6998466365474226	0.7052801600640231	0.8001794589834926	0.8005308627628674	0.6949487771851487	1.00527872672131	0.4498686174053205
2_0418_9747	0.3898271816321865	0.1962703632844607	0.1629110517645769	0.1376773935837158	0.15402717622993	0.216391083701706	0.1688620996827822	0	0.312610964043093	0.2020978570338553	0.1659545067944287	0.1987972507376871	0.2942804234591935	0.1754423429345811	0.2346036858674477	0.8720580867009764	0.6381913416803741	0.4567522525378481	0.5300378964814879	0.557511195993686	0.5058830055843568	0.5379301809909939	0.6108071159613946	0.5351789418342022	0.4707235539969026	0.5087258132447182	0.637264605422173	0.5021889101708674	0.5234338579140226	0.8291879963834299	0.4656873129067104	0.464743319631427	0.5681571614550693	0.5266552636882316	0.2588048520567657	0.190246208562719	0.3592990288892361	0.1935567329009276	0.3651589421190864	0.292837912026308	0.3765155288973732	0.3724319027899377	0.374403124653126	0.4255672072016575	0.2136883411697075	0.2025827473610269	0.3802759552940209	0.2671075250087146	0.1914227176054911	0.6743375931856677	0.2215734986179437	0.2598267255343382	0.3706042258122787	0.2045905204240606	0.288160053641314	0.3376183552904568	0.2560373977366295	0.1963467347975154	0.1494914219240345	0.3068705020683324	0.2842900331909294	0.3211228777651366	0.3302431278790804	0.2517265037027186	0.2439500780113438	0.262259062379523	0.3990607967771317	0.2530382059643758	0.1567872514137396	0.3022853186189387	0.351859253301773	0.2635949777942588	0.3342971620178236	0.2148140314299384	0.6090585575016427	0.6286632960387966	0.3219949057251539	0.3481306908366284	0.321746472198421	0.4090673288499474	0.2242937590297782	0.3690719372237404	0.2819053451077279	0.6246231274433278	0.6191524391780346	0.4636527889834787	0.6426660747142695	0.8011384202524295	0.5403448817481068	0.4586261031931483	0.8475980057512986	0.6448961534871873	0.4800742737941899	0.558154275388178	0.6719866117804584	0.4833150932869641	0.5355624884270098	1.282850228489292	0.5707224028016143	0.6084037471147804	0.5004882896919339	0.5446536772920476	0.5946326955007302	0.5004829958761559	0.4620017107374702	0.606356874029766	0.7326828255747637	0.5514534995878763	0.6276842881437176	0.7667513532669722	0.8377178288879437	0.7589024975221841	0.683278518489617	0.6409662559470315	0.538466848518923	0.6784207565986738	0.6939699507712032	0.6554811042510127	0.7790465095421414	0.8306032768384222	0.5846859646377027	0.8312466170522521	0.7033194066108591	0.7332771410216007	0.586508287676012	0.5776388137531979	0.7424500594425351	0.7928009168019094	0.6130660414836873	0.7254896547131501	0.7803483134919993	0.9329913726112803	0.706401407125091	1.026102370810531	0.5310751860648061	0.7405053979915894	0.7745925160105011	0.4391449210864766	0.6596271922670932	0.8341977737633525	0.5264301212205629	0.5441225511667462	1.040509961392472	0.527634198872201	0.4694762527371559	0.7067138729248001	0.6474429435496547	0.6892705812430414	0.5986821995822537	0.621118573232978	0.7058714688970383	0.723738858436025	0.6285048166190379	0.9082939033520531	0.4523452932730559
2_0418_9748	0.5200260625924419	0.4312462697865879	0.2628415421227595	0.3817911863319255	0.3499340451416804	0.2940352022596605	0.3167102948389403	0.312610964043093	0	0.2797473543782182	0.2733091998622587	0.2331459639631939	0.1752524735547592	0.3188616095135846	0.403666759164297	0.8129514191450236	0.675560855851563	0.6469752606567662	0.7383160705265083	0.7441639011066994	0.7123817585782777	0.6237887910182761	0.8037192182430617	0.6830933023386904	0.6723589723984776	0.7103456284085475	0.7495707985458578	0.6257086935272566	0.5766558567249548	0.788611378724289	0.6371447742266635	0.6573568015264075	0.6484015178332858	0.7384059532234416	0.5189655677608273	0.2627861847217869	0.4430890703392945	0.4190800071888418	0.5899877762472937	0.5113400482263819	0.5590268821222976	0.4820150541318234	0.6027581485596993	0.6455263196502562	0.4449681568049257	0.3973412157909774	0.3640210756056051	0.4821642811400559	0.3541985053501477	0.9034754085813436	0.4424836358602779	0.4544891628173228	0.4177090345122317	0.380710827817571	0.5143461816779944	0.5292133547571723	0.4711747015306009	0.3916211098480533	0.3448984254057235	0.5056283246158291	0.5132902648365034	0.555474430123007	0.5656972495108389	0.366945826499214	0.3305738299927277	0.2400881515330313	0.3567768684757434	0.4639314170194159	0.3709713729001262	0.2931734826176257	0.3299196899509663	0.3398351783164949	0.2331733483663699	0.3229729014408269	0.4075024381219491	0.5779444747926138	0.2145882628601948	0.2338149003462434	0.2740704582728504	0.2095829747624778	0.3457677403505985	0.3831159697813827	0.4439172531449306	0.5830708468716753	0.7073452948310875	0.6472656089911513	0.8444945355203104	0.9483847670495651	0.7323539005589713	0.5937267131782213	0.8008164484991745	0.7818482676755667	0.6582003017598786	0.7723153865473376	0.8112341088625814	0.6052228363535452	0.653705659318179	1.359114583864055	0.5468753898895752	0.7855447719302888	0.7043152312972462	0.6585697528681794	0.7317173591556476	0.688349218393988	0.632341423523184	0.7656566650911393	0.8728695857937052	0.6427508086824696	0.7697705996938491	0.8997010706038439	0.8113649051342433	0.7264756143806211	0.6970590947085631	0.7956154059144671	0.757207685878831	0.8441271599271212	0.8379820873888203	0.8002430891713588	0.8655709876258926	0.8299963741606258	0.8097816459656163	0.8145007860640657	0.930489908153503	0.9364195986461836	0.73851836545951	0.7491497493234107	0.8596194034577546	0.9299609011435229	0.7674567173286838	0.9510881672752897	0.7804971988099528	0.8946867237220597	0.8996458042250102	0.9935083511734112	0.5685685430186993	0.7161581895033119	0.8234811106245524	0.6114942901241179	0.8465287057300936	0.8433660261877214	0.5385926278384097	0.6032335989396764	1.007880422436314	0.5048546175581089	0.5717035185854912	0.8988122176813814	0.7318063881547303	0.8636041435214126	0.6565690078612235	0.6364326209673522	0.6967893035416908	0.7480171007663647	0.796312462581977	0.8709476990165461	0.63271632543183
2_0418_9749	0.4954519859381393	0.2682860927218597	0.1444267192017868	0.2714951605663045	0.2003454449854556	0.2377176237917153	0.1609750260386125	0.2020978570338553	0.2797473543782182	0	0.240091422847346	0.1919660904763596	0.2548551422421324	0.1805374274826693	0.2158910749614646	0.9868749933557192	0.7486799274216017	0.5812518331718211	0.6203170829902473	0.6175135599660486	0.5972156821793153	0.6517924838030019	0.7345905848453489	0.6492477435378202	0.5928993801587071	0.6103269945165519	0.7672414915284017	0.6124126742069973	0.5933389062996499	0.9349776078715222	0.5953364753383024	0.5694382477117407	0.6787432684366077	0.5959173270332598	0.3000683871791848	0.2184208914313089	0.4833370180865769	0.2066063169618823	0.3983529422751127	0.3072503369673514	0.4151467469829578	0.4269243853938428	0.3868464852446721	0.4349517802402459	0.2506301835379324	0.220716453700522	0.4845681405271148	0.3132305770305545	0.1632106404731215	0.6838392080208798	0.2729046511171421	0.2584071633919975	0.4772035062443566	0.2244365925921346	0.3395453082017968	0.4468677200631135	0.3084749490692461	0.2551897525545112	0.2461701099534871	0.3359492410240394	0.3372427769177538	0.3709572690337261	0.3850294489259396	0.1738183978480678	0.2791146055990278	0.296123194276677	0.5020616380138208	0.3420325447413733	0.2192174714310061	0.3726517683967623	0.4504428493399066	0.3602973397543668	0.3036929914908947	0.2922417232350369	0.569460791888948	0.7479963670496402	0.2776616525220465	0.3030324009727566	0.4093890624776826	0.3875224775481174	0.1849904382393416	0.476320513688109	0.4414749920096399	0.7316554504029228	0.7535078419940506	0.593815765323913	0.7594792822644759	0.9284841484226408	0.6656103208798233	0.5846380083746839	0.9434937873142136	0.7736565078067733	0.6119237256424925	0.6694219769912589	0.7875730605311138	0.598873559007746	0.62695246210098	1.349825247084782	0.6605748676580128	0.6688535171810878	0.6087795849698382	0.6643486402393339	0.7179617137896348	0.5794036590270011	0.5943495255861625	0.7142842194307267	0.8434479186028205	0.6650061268669173	0.7394852551847068	0.8866280523681455	0.9136767898309399	0.8485030667856195	0.7476466584618995	0.7404527767825668	0.6367434219871142	0.720242763141716	0.7966522572282184	0.7601874020464899	0.9017924579464992	0.9471096947026941	0.6792832037128295	0.9068176414781889	0.7686450092090191	0.8004730720107336	0.6837732796135325	0.6766543405892844	0.8120134685458312	0.9038051039884005	0.7044897023310367	0.7549806528685273	0.8796930676788026	1.03661193626571	0.7441753393356256	1.12405168069083	0.60653668878447	0.8550495443082402	0.8638723960078682	0.4821933441085531	0.7315876539964782	0.9367151376094066	0.63996460029431	0.6723200829098774	1.134966024212888	0.622598825416367	0.5831522307581526	0.7398617313082737	0.7469317083622624	0.7304532680413767	0.7063807218857363	0.7174312072611241	0.8420697935141643	0.8538684672135234	0.6946458385853391	1.012163374045572	0.4973076872163152
2_0418_9750	0.3811402742136425	0.2952802469259863	0.1740781806397215	0.2240095539587514	0.1830166826890541	0.205540099097764	0.1756668520918283	0.1659545067944287	0.2733091998622587	0.240091422847346	0	0.1987746781312169	0.2601447351654143	0.2331857327144214	0.2345263424506611	0.8389433406265338	0.6240809465905376	0.506149319535744	0.5770636917527441	0.612923968654037	0.5357854334398267	0.5192432532022069	0.6167049827757867	0.5641798880532285	0.4918079127411442	0.529279937348541	0.5889282285927919	0.496647430691781	0.5273862943417393	0.7916981998786948	0.4618434074036711	0.4851292689439832	0.5776559921192614	0.5651538834397632	0.3419511229788029	0.1917424951095977	0.3354980867200362	0.2977060450020769	0.4278703532047113	0.3729743132271114	0.4130519415446492	0.3951951909018036	0.4464997317602547	0.5120058661560217	0.3158931650612515	0.2486305842903669	0.3773247237855274	0.3540285438845359	0.2618207494943356	0.7392907172477194	0.3031236125580256	0.3100530317168432	0.3824855642068213	0.2750708199355707	0.3485270050987792	0.3813279991886037	0.3428731345360728	0.2735235400091715	0.1965280409176543	0.3778594735616432	0.3351258191564782	0.3902863370377024	0.3838260139753493	0.2681087878015376	0.2079535767861971	0.2311540720048333	0.3621265873672997	0.3284406198847667	0.2382322161470654	0.3068924234254276	0.3275532969513134	0.2814756325858916	0.2949475868217047	0.2680473764249481	0.5895751133997527	0.6210543966498673	0.3219560451204502	0.3388921536281553	0.2716712887091527	0.3588508708734977	0.2088702721431865	0.356787602765388	0.3049688850910072	0.6067743088155163	0.5686585778124297	0.48883840533724	0.6609416080401365	0.7910622332033651	0.5549446136547684	0.4410962013832151	0.8112891972933484	0.6241066801230992	0.497757217034947	0.5912227560655505	0.6575570247287443	0.4659043058583789	0.5072464746365185	1.279338497523722	0.5365277939235348	0.6350346211934287	0.5418275971961007	0.5484742588470777	0.5751152196034397	0.5410160362813508	0.4567011042191757	0.6235005489053487	0.7293621151651335	0.5475569129727446	0.635419005921009	0.7522887482153977	0.8425534991655614	0.7580514336139187	0.6942682941854552	0.6612771600963651	0.5839800962143178	0.7443865770338773	0.7066143179628614	0.6686449571639197	0.7495815699017567	0.8063356376325238	0.6514002247054677	0.826195880465321	0.7522852623298646	0.7580422674979456	0.6083523902882982	0.5900696046531683	0.7810848460784272	0.7903476074642263	0.6363000712153832	0.7873891232708412	0.791483263044071	0.9362392858733228	0.7781940867269843	1.011610028274737	0.5369346615210417	0.7713023781265269	0.7952397563800356	0.5205877158273854	0.7225069199568779	0.8196891216177076	0.5144340217666816	0.5267296181480916	1.013974591779717	0.5334776131494255	0.486840845257315	0.7705101217255842	0.6408383649681967	0.7377945241989636	0.6194045754121891	0.6302384909441654	0.7094431203932439	0.6919660910721486	0.6549855673443259	0.8901433217100646	0.4857062951359342
2_0418_9751	0.4587788907090447	0.3089012564883438	0.1203741754696181	0.257839818065579	0.2069480554251717	0.2041751672722998	0.1973765776101422	0.1987972507376871	0.2331459639631939	0.1919660904763596	0.1987746781312169	0	0.2194985475266794	0.1685192315886056	0.2707448074366233	0.8884542371741713	0.6371884158065152	0.5324532004120469	0.6095494480870445	0.6339615256041233	0.6013741793519672	0.5490138941696426	0.719075016441345	0.5629720345060338	0.5730050345438348	0.6063573704434101	0.7301087952165808	0.5542589783130695	0.4785015690668462	0.8605817925653441	0.5525728403708503	0.5480318652839211	0.5929427841057371	0.6262405284161108	0.3781831480982145	0.1457344295901431	0.4134158968385139	0.2755845482875118	0.4560482135275213	0.3777958528025552	0.4526331970052025	0.4074650616595218	0.4669916560472302	0.5011315395680443	0.3056873585717061	0.2559179177361967	0.4209426196630456	0.3273578972855942	0.1980606141804464	0.7679560257229034	0.312594297253537	0.3154346639436902	0.3798779924391424	0.2384245212920282	0.3607577669807097	0.4012382225288678	0.3360729274096519	0.2494677968588268	0.2171316775097439	0.3548459180483684	0.3806346328245386	0.42214348407293	0.4305338089345863	0.2414402064027227	0.2654637063560619	0.205984834567203	0.4270805944163083	0.3586157369106669	0.2207315828689388	0.2728032203192617	0.3797727220052211	0.2272548046593063	0.2631715759492435	0.2127488216439833	0.5369874758431689	0.6493751223830424	0.2676638865724664	0.2435796242519792	0.3259946595561292	0.3276853076839794	0.2263189635487863	0.4038977919637263	0.3707167664903552	0.6627753760507028	0.7043065722457078	0.5285151039748279	0.7500450159685411	0.9121652570189525	0.6499128833919853	0.5293131779817584	0.878234497680058	0.7533394138884882	0.5823299991301151	0.6400458609022327	0.7836667551226789	0.5727280136537869	0.6214919341150955	1.339372193019821	0.5588613638888272	0.6963087800476114	0.6035414477893709	0.5812704795473101	0.7078104323311064	0.584460604080082	0.550280862983514	0.7031972831090919	0.8332578497351775	0.6040726798520266	0.72787617354727	0.8695935115339154	0.8718222443507969	0.7952868985404054	0.6942016922282005	0.7429353835878537	0.6437958881542347	0.7035267174086242	0.7926660290735493	0.7534232156927205	0.8509915019689535	0.9022167830302326	0.6519249731914449	0.8596156148283997	0.8007330799629934	0.8155736227399147	0.6810712462536442	0.6455158432491092	0.7622795208616321	0.8703049689311071	0.6653589236473407	0.8120966143106201	0.8030613304550819	0.9557578186443011	0.7850240431585683	1.062884990976814	0.5715192308609143	0.7629346857548231	0.798327290836801	0.4648400380877837	0.7408310175323631	0.8689784948173452	0.5524774818231922	0.5931729517407742	1.073892548320695	0.5641442001959422	0.5133854681603583	0.7701440859457502	0.6884337938487476	0.7388916348328646	0.599292370408852	0.6270786046487803	0.7197674802229721	0.7711171336340995	0.6846066410698081	0.9449287216425035	0.5282864864481644
