	Chow1.050622	Chow1.070122	Chow1.081222	Chow2.050622	Chow2.070122	Chow2.071522	Chow2.081222	Chow3.050622	Chow3.070122	Chow3.071522	Chow3.081222	Chow4.050622	Chow4.081222	Ctrl1.061722	Ctrl1.070122	Ctrl1.071522	Ctrl1.081222	Ctrl2.060322	Ctrl2.061722	Ctrl2.070122	Ctrl2.071522	Ctrl2.081222	Ctrl3.061722	Ctrl3.070122	Ctrl3.071522	Ctrl3.081222	Ctrl4.070122	Ctrl4.071522	Ctrl5.061722	CtrlF1.050622	CtrlF1.060322	CtrlF2.060322	CtrlF2.061722	CtrlF3.060322	CtrlF3.061722	CtrlF4.060322	CtrlF4.061722	CtrlF5.060322	W+F2.060322	W+F4.060322	WD-3.061722	WD+1.081222	WD+F.081222	WD1.060322	WD1.070122	WD1.071522	WD2.060322	WD2.061722	WD2.070122	WD2.071522	WD3.060322	WD3.070122	WD3.071522	WD4.060322	WD4.070122	WD4.071522	WD5.060322	WD5.061722	WD5.071522	WDF2.061722	WDF3.061722	WDF4.061722
Chow1.050622	0	0.6132763197121973	0.6309039322647038	0.3946084719532136	0.614485047482193	0.6324048161120382	0.6211842447571793	0.3473872694085633	0.6502760952419834	0.3679077822429336	0.6859807067738957	0.3067763846135633	0.6519455112549916	0.5506570391617945	0.8160769589299437	0.8301825370240817	0.7523010790958907	0.7951899308038223	0.6779588709953004	0.6968235445869807	0.7969645781225596	0.7768188958838634	0.5907471172922211	0.7674101579668928	0.8208430296220192	0.814903206342021	0.7495734714324881	0.8441739707532525	0.6279448873330276	0.6187560208789983	0.7503537699120915	0.8406932088800666	0.7898434297658999	0.803866321718446	0.7570923574541417	0.7675490340633258	0.7981612235116567	0.7561911889362163	0.770374118081524	0.8385767059401752	0.7931361026612082	0.778550285706194	0.7813719815678931	0.8500806030989657	0.7841892430884198	0.8696047171931229	0.8107358991209647	0.8068503482955739	0.8439078164336589	0.8720912303651064	0.8237471994782204	0.8440617317838993	0.8568058094761259	0.8007903668877292	0.8218768344966452	0.8903761364908785	0.9206398824016206	0.79485106947132	0.8573170771459273	0.6795848731470661	0.6723195127389195	0.799882600808217
Chow1.070122	0.6132763197121973	0	0.7742822969831775	0.7050893222045131	0.3616707812600435	0.4005323226668637	0.6899795901343511	0.6904017463003544	0.3712748884688027	0.5869150944119016	0.7490724267235488	0.5835617390359433	0.5718071366255384	0.4366978947426842	0.5680495890043736	0.6036932862651576	0.5444606369172541	0.6045035079155001	0.432865075691934	0.3844644760855337	0.5645501070681593	0.6879244849115935	0.4066294949440029	0.4837333165965654	0.6124089373989992	0.6271756482844129	0.431907163484763	0.6714225136006018	0.4531022804392465	0.4885652461159139	0.6512478403082733	0.6946625352762578	0.5532195710219394	0.5830482663049144	0.6111657344144165	0.556533262938217	0.592131712775661	0.5545321137656675	0.5816211412914425	0.7087329569865606	0.5619835938174328	0.5134998786838032	0.5794256359410057	0.7034435916402967	0.5192586978314832	0.7141740656336484	0.5634377451850967	0.6146748155787799	0.6436858034658314	0.7364542482192499	0.6417923384613338	0.6653676400241856	0.6872280489648934	0.6035981348925475	0.5729245577758777	0.7685131410089798	0.8496052807293443	0.5674657795337669	0.6987625920076413	0.2593162264687693	0.4008906010205237	0.5753478425777699
Chow1.081222	0.6309039322647038	0.7742822969831775	0	0.5767765682446181	0.7328576399362714	0.7875900081887658	0.4323554387507086	0.6007394541846403	0.774087497615934	0.6551316549973839	0.450496761025527	0.5977387153106087	0.6125932095069114	0.7308110379938596	0.8345007529519718	0.8408936799447652	0.7908763322639202	0.7699658804107852	0.7766824206722454	0.8080778546609483	0.833396095854614	0.7346703157265668	0.7481466364269981	0.7986488184906275	0.8118554980316864	0.8284277096546142	0.8120600247690384	0.864906356833087	0.746619823758935	0.7454692161438919	0.714345145744859	0.8435953029275008	0.8204509160081339	0.8177710910026961	0.8040077158091894	0.7958848371673377	0.8355036409779304	0.7642555106789963	0.7675511090155711	0.8249688517749625	0.8179726264239838	0.8019563096418075	0.7866896339934714	0.8817591862612073	0.8258067551367235	0.8662686674266259	0.8040935039152795	0.8551940365467382	0.8519222055855122	0.872770179831302	0.8188421553994583	0.8558843275369621	0.8668079439650456	0.7850621656537343	0.823435049693147	0.8859347980893806	0.9152518806210618	0.8388635812017007	0.8523132435865035	0.7866105190613333	0.7904449678460299	0.8375424092869334
Chow2.050622	0.3946084719532136	0.7050893222045131	0.5767765682446181	0	0.7031063740053092	0.7368940885570568	0.6219554805746768	0.3137968068731363	0.7361725414606507	0.5128568106502798	0.6738500305449292	0.425286829816449	0.7023874654815945	0.6643759679022713	0.861472860395133	0.8587353184214902	0.7970691122404842	0.8264396374728009	0.7688160351470208	0.7764951834875586	0.8614981201283783	0.7955769073785789	0.7055194984430641	0.829075727404522	0.8530448183588102	0.8615313676393499	0.8282419200668676	0.8861963242263465	0.7201040691032858	0.7358923966750875	0.8029046194638163	0.8714321861513121	0.8333867227087619	0.8337198384150074	0.8227007481897869	0.8243417174359471	0.8450369832060223	0.8249416474520571	0.8110555802506073	0.8604411261880823	0.8572559905792763	0.8212837528492412	0.8383712062386086	0.9053173257382022	0.8322519521188728	0.8878564661003406	0.8273720329473244	0.8694524269783361	0.880418369123588	0.8988866675741752	0.8588319096555223	0.8804342616397435	0.886198248498264	0.8301322851487071	0.8573349044519708	0.9056078464731145	0.9333804622757556	0.8676749629887504	0.8825824773663133	0.7584504170719699	0.7653612843067628	0.857116844533926
Chow2.070122	0.614485047482193	0.3616707812600435	0.7328576399362714	0.7031063740053092	0	0.431202665163712	0.6524386296714825	0.6806610471740725	0.4303906825133463	0.569030040812542	0.6968359311973177	0.5967804842206167	0.5088801154222637	0.4828670973425682	0.6436506026311024	0.6947076030096593	0.5482271576832265	0.6312649531059557	0.3915637076470288	0.5030288401345228	0.5941683951834157	0.6653861535471542	0.4616199261601661	0.5502703187298559	0.6433813470764336	0.6569867749921234	0.5053319778376649	0.6887582252131856	0.3684518357571596	0.4525422143449789	0.6442519036701096	0.6973649763301021	0.6365318197944617	0.6511077827136935	0.5814041551005313	0.6034166056522878	0.6040011051108284	0.5696031394671048	0.5652573121217878	0.7095912589587945	0.6090044320367803	0.5609873641791293	0.6030752095509898	0.718995840359292	0.5730423683094227	0.7504392067854304	0.6460293879663858	0.6335583060675249	0.6773677062637479	0.7689495625611849	0.6831609371116892	0.6869289635267483	0.6956348466155803	0.6450337539649472	0.6513757596437342	0.787828007513073	0.8548175229399141	0.6139234708041003	0.727198792609873	0.4176492062284936	0.4157131691172795	0.5927290821083816
Chow2.071522	0.6324048161120382	0.4005323226668637	0.7875900081887658	0.7368940885570568	0.431202665163712	0	0.7381974498894242	0.7190886677901834	0.4145789777515404	0.6221096814637664	0.7673395748444589	0.6440996477650386	0.6226778431520923	0.4317198618402698	0.5484559987739465	0.6060075915292442	0.4777899187565586	0.590169717789515	0.2873737835883003	0.293517066574597	0.5164045908945599	0.6372536717341029	0.2948642418316477	0.4752536402960135	0.6164050299746479	0.5835260279450611	0.4752505505027139	0.6174635096387637	0.3662316964705903	0.4282688278100994	0.6260028745481907	0.6416966828114761	0.6271630501709575	0.6665621144194785	0.538813747574356	0.6202892925254554	0.5878385482001304	0.5523235529960359	0.5541656779498535	0.6431636032893179	0.6119694630432936	0.5096724612532555	0.5471439631600985	0.6560139199551934	0.4646102229375434	0.6649011901659743	0.605314150739213	0.6218967047752003	0.5927983739089011	0.7671384472259564	0.5618188370707763	0.5789093095564696	0.6362074621101234	0.6178464740973729	0.5220262761095412	0.7077508931141326	0.8255429030278705	0.5550657688259366	0.6234198839064118	0.3589732471349851	0.3503996362475988	0.5542864653514413
Chow2.081222	0.6211842447571793	0.6899795901343511	0.4323554387507086	0.6219554805746768	0.6524386296714825	0.7381974498894242	0	0.6507026171902048	0.71874427347377	0.6372518640767441	0.4519593700674139	0.614691429037069	0.421758780233499	0.6808617074709356	0.7969549824574179	0.8214449322809239	0.7311024988363319	0.6928867958497368	0.7125716000264209	0.7583366897006037	0.7903646838834784	0.6434698671242797	0.6783677176546784	0.7350543915501075	0.7606503814883173	0.7837045228772006	0.7513024135209271	0.8361592288655258	0.6921679994533272	0.6885426392301945	0.623259819103556	0.7590106703309348	0.7644942629342155	0.7354729806974603	0.7461282336847084	0.6397356863311862	0.791248071439277	0.6278528280567428	0.6866692007269181	0.7255942236781187	0.7845350382177917	0.7621932407573286	0.7232047792232842	0.8637159438830951	0.7842090580590197	0.828476137636734	0.7499405636611925	0.8234619411922049	0.8206258519214831	0.838569954560368	0.7660697635540683	0.8264812611467917	0.8389128975476446	0.7050075911269413	0.7783490073944088	0.8696438818441978	0.8678002234775413	0.8027379877856043	0.8192433842135735	0.7430310714358263	0.700142434196745	0.7963198956301863
Chow3.050622	0.3473872694085633	0.6904017463003544	0.6007394541846403	0.3137968068731363	0.6806610471740725	0.7190886677901834	0.6507026171902048	0	0.7353629663904527	0.4168550739115403	0.6806742143915535	0.3675827158531032	0.6956163917340604	0.642951431403651	0.8616508555940706	0.8712678648857167	0.8134882203224651	0.8425599881895325	0.7524508234634363	0.7683783784749203	0.8530110652939362	0.8252554065126037	0.6894409238144835	0.8226027549561531	0.8587099514830824	0.8676774008535071	0.8237215249781135	0.8909652723693197	0.720602915894927	0.7124493066016626	0.8162188119099183	0.8753466209538067	0.8286927368637502	0.8268015544831596	0.8025734538265903	0.831799402030604	0.839484272572064	0.8310104677416564	0.8051187179123894	0.8665807468593411	0.8552379315651669	0.8395009601770748	0.8466166705144081	0.894780792524395	0.8411010770226328	0.8941370394409096	0.8428655624644659	0.8601797457642809	0.8856710873456155	0.9044427178035759	0.8675580496103802	0.8861508779920839	0.8787664066162199	0.8382055308687837	0.8702951714263543	0.9114177178083679	0.9353462477715424	0.8600375109386695	0.8875730700717768	0.7415604312525788	0.7516341449838689	0.8492723655986981
Chow3.070122	0.6502760952419834	0.3712748884688027	0.774087497615934	0.7361725414606507	0.4303906825133463	0.4145789777515404	0.71874427347377	0.7353629663904527	0	0.6521931617776789	0.7180905419598361	0.6595715370582369	0.5959025618939398	0.5146326278961022	0.5343624666976192	0.5563641059794514	0.4492413767603554	0.6291384498806346	0.2959415903690241	0.3858375399529259	0.4978459952634036	0.6173072555226057	0.4270907418724955	0.4292955560282374	0.6022980530318784	0.5840548233389617	0.4271544443993711	0.6078029050247595	0.3707970251317401	0.434503697992749	0.6204319630111758	0.6361567812465508	0.5021025373252085	0.6266553337974644	0.5644562955274982	0.6293407863502759	0.5265156362730146	0.5293434995313669	0.5410663642657184	0.6678893269202151	0.5635183815849348	0.4830784353450279	0.538398968098514	0.6475591287843926	0.4767216400091936	0.696493465608362	0.5796754252469386	0.5632744240372134	0.5943349660312572	0.7562926808611704	0.6102879616984239	0.6057953007435014	0.6236812026861215	0.5754450828637777	0.5687126676428065	0.7402025193447369	0.8212532929611887	0.5393948370584827	0.6646463750128806	0.4136485007582558	0.3409542091935992	0.5180124792485931
Chow3.071522	0.3679077822429336	0.5869150944119016	0.6551316549973839	0.5128568106502798	0.569030040812542	0.6221096814637664	0.6372518640767441	0.4168550739115403	0.6521931617776789	0	0.6688667051544966	0.3899504483712263	0.6403520304830121	0.5206918109387796	0.8101450792789318	0.811920186163957	0.7517255808717788	0.7994542185729874	0.6752375859305527	0.6890707504862965	0.8043582121243072	0.771323945318742	0.5867096646823589	0.757616389133518	0.8227198302446855	0.8201868892958569	0.7451415114405073	0.8348410339212478	0.6240486400924321	0.6185843028148884	0.751233875403491	0.8313597378306594	0.792307711675623	0.7895549387434789	0.7392725545946222	0.7819656953016236	0.7888372741530443	0.7671982273267508	0.7631206246319236	0.8411874415426936	0.7777624899830142	0.7810444325537965	0.7866150962452293	0.8400823340823018	0.7802056988639208	0.8727521184580949	0.8096858489586003	0.797839243013697	0.8266072039446505	0.8746352298621833	0.8243105641537981	0.8273012510532169	0.8385497491228886	0.8023386919211057	0.8222293003477309	0.8836518048406319	0.9145473329692945	0.8054674839923973	0.8666214226778663	0.6569384409265706	0.6777716074123247	0.7983061794911723
Chow3.081222	0.6859807067738957	0.7490724267235488	0.450496761025527	0.6738500305449292	0.6968359311973177	0.7673395748444589	0.4519593700674139	0.6806742143915535	0.7180905419598361	0.6688667051544966	0	0.6257746077631419	0.5511783187181442	0.6706943088862687	0.804452682311566	0.814376545679777	0.7731401897207084	0.7683474129065473	0.7457084949019972	0.7873056699723981	0.8193714306818554	0.6692702989831505	0.7183261891733047	0.7765731626256199	0.8115409882476859	0.8113347032607707	0.8099456910081625	0.8592958015595819	0.7257811659329578	0.7252833467878163	0.61016275090376	0.7919533995066714	0.7897641380890819	0.7473365168457061	0.7830978353856943	0.7517004423073057	0.816303105025866	0.7053957978743521	0.6960549486841102	0.7707366647420096	0.8275170733957002	0.8075745006389797	0.7779950731790208	0.880820051344817	0.8015287392368663	0.8579059252517794	0.7882034596677746	0.8424183945300212	0.8439702098553529	0.8844344523744792	0.8068282467595702	0.8481276946574556	0.861711253375738	0.7572676916231198	0.8190659979645983	0.8861307607896185	0.8875908870537034	0.8309688146379275	0.8478830930164943	0.7551622259055357	0.7644843285431762	0.8201678702055666
Chow4.050622	0.3067763846135633	0.5835617390359433	0.5977387153106087	0.425286829816449	0.5967804842206167	0.6440996477650386	0.614691429037069	0.3675827158531032	0.6595715370582369	0.3899504483712263	0.6257746077631419	0	0.6197312189551465	0.5405000970698972	0.8034642459652639	0.8166389663332022	0.7567227628168074	0.7756599023401261	0.6869052054821783	0.7047625844625187	0.8052293727714964	0.755741762679577	0.6140341656398324	0.7631242316211873	0.8225110754621827	0.8150505711459509	0.7469097704056361	0.850906477658194	0.6377094568639673	0.6360225113076475	0.7491866905898498	0.8443281277731512	0.7874386545936889	0.7673542635744761	0.7627952782395299	0.7690331169223187	0.8048044467588977	0.7621586288388168	0.7588180548335414	0.8386986098302717	0.7839534133010491	0.7697738743591473	0.7796810315074353	0.8542442502173494	0.7757928608233459	0.8689488993445132	0.7902696671137979	0.8141720596010642	0.8409913436496147	0.8725382782578477	0.8163722288753447	0.8451966998489989	0.8552933978901265	0.8029967870255823	0.8072361536283659	0.8903824732338488	0.9228443798711174	0.7969854949377539	0.8581456153714437	0.6583818302615718	0.6792109853722816	0.8048572584500457
Chow4.081222	0.6519455112549916	0.5718071366255384	0.6125932095069114	0.7023874654815945	0.5088801154222637	0.6226778431520923	0.421758780233499	0.6956163917340604	0.5959025618939398	0.6403520304830121	0.5511783187181442	0.6197312189551465	0	0.5713044721717432	0.6792278710507497	0.6998866997157602	0.5534650585759158	0.6214113528762675	0.5583003702034868	0.6406718127091028	0.6375269524922214	0.6028581930841187	0.5675907459611095	0.5981754015266553	0.6714551577092386	0.6352205321732879	0.6499307470651177	0.6943328913707699	0.5731399591955401	0.5634462476585609	0.5590522458657964	0.6526355475303245	0.6817046618501104	0.5622455755052215	0.6206061050141626	0.5601022065890896	0.6767404632584866	0.549436872720187	0.4931555212978424	0.6771279081919677	0.6656265617923015	0.6247283704310358	0.6016456812219932	0.7319492087783205	0.6475309554339989	0.7461029034563129	0.6554323232243782	0.6787754200411342	0.6714123242333826	0.7928808628635065	0.6408008261707396	0.6918384301406305	0.737497429736057	0.5820454632087735	0.6507598860219891	0.7801588144952847	0.8328231646571869	0.6780366688511196	0.7198628929437211	0.5840680813222197	0.5477215421762927	0.6482639068689948
Ctrl1.061722	0.5506570391617945	0.4366978947426842	0.7308110379938596	0.6643759679022713	0.4828670973425682	0.4317198618402698	0.6808617074709356	0.642951431403651	0.5146326278961022	0.5206918109387796	0.6706943088862687	0.5405000970698972	0.5713044721717432	0	0.6812279935333913	0.7389012320745573	0.6018815667815507	0.6670609398050639	0.4306732519309476	0.5031020874826369	0.6600408552391164	0.6737024860169992	0.2593321596563042	0.5950023049086416	0.7132371898925114	0.7016738889006312	0.5838733342489223	0.7443493693910145	0.3912721583966398	0.439229657333687	0.6060009673501451	0.7360594838742334	0.6676555679424652	0.6690240271633162	0.6034920396622432	0.6876337905558428	0.6820251108329364	0.5936155392182333	0.5787327928712337	0.7123618454828067	0.6697323545672937	0.6276998606110061	0.6540753805934426	0.7503113504430405	0.6353106324906355	0.7705458959591439	0.6677497016608762	0.682106893072421	0.7240232646406023	0.8004340883470863	0.6754166626654933	0.7355110386577532	0.7463847074150354	0.6770846601531401	0.6867098906295717	0.8148436708581065	0.8678734667542305	0.6860820309270398	0.7647874645681142	0.4279825977780579	0.4846756749043027	0.658808147577532
Ctrl1.070122	0.8160769589299437	0.5680495890043736	0.8345007529519718	0.861472860395133	0.6436506026311024	0.5484559987739465	0.7969549824574179	0.8616508555940706	0.5343624666976192	0.8101450792789318	0.804452682311566	0.8034642459652639	0.6792278710507497	0.6812279935333913	0	0.3189477957018344	0.5394206450064806	0.5918269643691454	0.5419542055990757	0.4969187044252745	0.3303719217250672	0.6423865371325551	0.6263131466810056	0.4266333431592452	0.5051834320674951	0.4452713906686281	0.3746007086330042	0.4295597732764106	0.5842990477316637	0.5888501870094135	0.694436695218364	0.6066221920970398	0.5040673724789492	0.6127944359237379	0.6423766280467591	0.6114198576271777	0.5951245601638915	0.6258501340183944	0.6071405511333919	0.6469754022652838	0.4703303386485853	0.4837081754091502	0.4707277661672417	0.5654367296254937	0.4670428280737455	0.5163469911777078	0.5898850714989241	0.5081580277949496	0.4066013943446233	0.6330856575591889	0.5163984551151918	0.4427289059072561	0.4962929717187015	0.5414733045250861	0.292950889212128	0.6184401728089526	0.7847741955263147	0.4218453977862893	0.5232953290874407	0.5237458950676696	0.5368597549847022	0.4124079035481962
Ctrl1.071522	0.8301825370240817	0.6036932862651576	0.8408936799447652	0.8587353184214902	0.6947076030096593	0.6060075915292442	0.8214449322809239	0.8712678648857167	0.5563641059794514	0.811920186163957	0.814376545679777	0.8166389663332022	0.6998866997157602	0.7389012320745573	0.3189477957018344	0	0.528922680206748	0.6212655934726191	0.6052193955055603	0.6024019029543626	0.4410912002140436	0.6410292271900015	0.680640730877335	0.5134276183746502	0.5095568526839349	0.4423906413780457	0.5379386540216958	0.4083749224637209	0.6500399740166658	0.6750933114366049	0.6845116954830611	0.5635346643277964	0.5337777114762098	0.5799272474474786	0.6918441754089728	0.6357358493949916	0.6451717772125857	0.6454642035164508	0.59381652280298	0.6394381489201502	0.5157956587713002	0.4716957666870064	0.4769332018272401	0.6131039065129139	0.4648869523432262	0.5514112706889438	0.6230306450180958	0.5735400490074862	0.3709827393101719	0.6934958490046407	0.5404798461597973	0.3814433358046888	0.5595797378416293	0.5855603558278362	0.3373416034185331	0.5533139256664359	0.7473953152564438	0.5198789418006027	0.5029853733417963	0.6014919580293808	0.598613574519124	0.5148403203767478
Ctrl1.081222	0.7523010790958907	0.5444606369172541	0.7908763322639202	0.7970691122404842	0.5482271576832265	0.4777899187565586	0.7311024988363319	0.8134882203224651	0.4492413767603554	0.7517255808717788	0.7731401897207084	0.7567227628168074	0.5534650585759158	0.6018815667815507	0.5394206450064806	0.528922680206748	0	0.5011741704679801	0.3920145059269212	0.397642734982328	0.4003738194901822	0.5040598879342306	0.5159469593850096	0.5117167593887454	0.4711504924040236	0.3390449623946544	0.3920559455760262	0.4261106089260995	0.4604328347082925	0.4404480262116079	0.5183899661519128	0.4289744087317257	0.5988600658773996	0.5351274231968294	0.5956707493681449	0.4915707318544388	0.577718911658854	0.499520886741186	0.4454913566144521	0.5749204811114336	0.5373854550392966	0.3006192430824401	0.3244872238025946	0.5394085150628739	0.2609174665644267	0.5701368243801288	0.4205534169293808	0.5457234672669754	0.4250915930802771	0.7202371154434307	0.4874893749447447	0.4540596334917851	0.549370960284755	0.3964649685360317	0.406567085644138	0.6265836977435985	0.6849458677816233	0.5365303247936635	0.512271252245488	0.4439062533220607	0.3952403306230143	0.5172631365758895
Ctrl2.060322	0.7951899308038223	0.6045035079155001	0.7699658804107852	0.8264396374728009	0.6312649531059557	0.590169717789515	0.6928867958497368	0.8425599881895325	0.6291384498806346	0.7994542185729874	0.7683474129065473	0.7756599023401261	0.6214113528762675	0.6670609398050639	0.5918269643691454	0.6212655934726191	0.5011741704679801	0	0.5496033977934269	0.6439969468627063	0.5655828384695702	0.6496452593470722	0.6079409324663866	0.5717508872013036	0.4880902543726567	0.5042511292222653	0.5496846975206272	0.6121999987074123	0.5828358188886836	0.6217587939407725	0.5640541084158828	0.5833534909795236	0.5064745305373637	0.6114616259654004	0.5064827758471508	0.4864614007518963	0.5074549185514523	0.4380117009953121	0.3807127002339076	0.4703509715853635	0.4931807869051578	0.4990199660060347	0.4319591600932075	0.6172138115534714	0.5341883545575498	0.490973388588242	0.401182768170879	0.5859621230958545	0.5919013826951416	0.6030372982672144	0.3682588684995833	0.6301398771883137	0.5404667494236638	0.4732949556724563	0.4576347886707572	0.5934639716222484	0.6675590872571908	0.5494093305297526	0.4521398151907265	0.6132978468602625	0.5900367778044527	0.574912547031274
Ctrl2.061722	0.6779588709953004	0.432865075691934	0.7766824206722454	0.7688160351470208	0.3915637076470288	0.2873737835883003	0.7125716000264209	0.7524508234634363	0.2959415903690241	0.6752375859305527	0.7457084949019972	0.6869052054821783	0.5583003702034868	0.4306732519309476	0.5419542055990757	0.6052193955055603	0.3920145059269212	0.5496033977934269	0	0.3655530824016872	0.4369568592071528	0.5837179802162664	0.2596998731051439	0.4037858090546349	0.5672745292749615	0.5314950930015822	0.3709545185595713	0.5622894648028901	0.2617765031416024	0.2911662044267296	0.5490253712221531	0.5854166858879061	0.5456281039664087	0.6198521243955827	0.3796178800389667	0.5785330726485721	0.4699114130865791	0.4469107526810753	0.4768643564190859	0.6006132826643924	0.5239197032842043	0.4312122291901162	0.4917528382772228	0.6082357549469496	0.4182737876420307	0.6649469008005504	0.5266817788203044	0.515194235681551	0.5547885920712495	0.7268230170631589	0.5652085497013305	0.571809382022215	0.5758384454261442	0.5538740853121924	0.5295073254796051	0.7127293201792125	0.7972383032572136	0.4979707488369647	0.6305531564172545	0.3457202999651086	0.2134744967419358	0.4602244447569738
Ctrl2.070122	0.6968235445869807	0.3844644760855337	0.8080778546609483	0.7764951834875586	0.5030288401345228	0.293517066574597	0.7583366897006037	0.7683783784749203	0.3858375399529259	0.6890707504862965	0.7873056699723981	0.7047625844625187	0.6406718127091028	0.5031020874826369	0.4969187044252745	0.6024019029543626	0.397642734982328	0.6439969468627063	0.3655530824016872	0	0.4016261147602994	0.6030612813856232	0.4034604377220998	0.422777224084416	0.5670390936205824	0.527015983511989	0.3822573598574767	0.5043173371388042	0.4439825790401657	0.4481110460834679	0.6452787621596002	0.5924141294713069	0.5900683848041306	0.664952603113602	0.6030171976743725	0.626409763115128	0.5687960947150155	0.5940776973114886	0.5748340389611786	0.7038610270801656	0.5620547469133663	0.4607505664353115	0.5301274212811087	0.615256059617686	0.397210374624529	0.6684875959043631	0.5745474298939216	0.5700876624964187	0.5108144224037627	0.7531004020149396	0.6402781935931207	0.5587527030917069	0.5603631601559385	0.5553866459741953	0.5152378842033324	0.7197849659996789	0.8087135289152573	0.5479105517258489	0.6318650067526393	0.2517042442202531	0.3418558881099555	0.5099329733729095
Ctrl2.071522	0.7969645781225596	0.5645501070681593	0.833396095854614	0.8614981201283783	0.5941683951834157	0.5164045908945599	0.7903646838834784	0.8530110652939362	0.4978459952634036	0.8043582121243072	0.8193714306818554	0.8052293727714964	0.6375269524922214	0.6600408552391164	0.3303719217250672	0.4410912002140436	0.4003738194901822	0.5655828384695702	0.4369568592071528	0.4016261147602994	0	0.5524099746769924	0.5684196840743144	0.4086234762145296	0.3704217983824946	0.274771596099997	0.3229799008353778	0.2454298606273186	0.5150714780030142	0.51332992007809	0.5962997452345515	0.4650326875850743	0.5033739427730932	0.5540732246906883	0.5574045967441513	0.5372212352246452	0.4751811541085927	0.5304926213982811	0.4720130155138674	0.5472435725631213	0.3774976066741839	0.3767769603978295	0.3337268639323787	0.393299233030534	0.3809892452999545	0.4724321192811194	0.5867907202725809	0.3510980658053165	0.2928587169470663	0.6387623432712988	0.4902881176558844	0.3766398594891508	0.3334471801121023	0.4707400416126206	0.2952408644089632	0.5288408659097048	0.6821527675897472	0.3193285942054707	0.3868865160622677	0.467288095760848	0.4249897266208216	0.3131038005291482
Ctrl2.081222	0.7768188958838634	0.6879244849115935	0.7346703157265668	0.7955769073785789	0.6653861535471542	0.6372536717341029	0.6434698671242797	0.8252554065126037	0.6173072555226057	0.771323945318742	0.6692702989831505	0.755741762679577	0.6028581930841187	0.6737024860169992	0.6423865371325551	0.6410292271900015	0.5040598879342306	0.6496452593470722	0.5837179802162664	0.6030612813856232	0.5524099746769924	0	0.6362796049908674	0.6297863687214992	0.6020167000413084	0.5177027252100679	0.6290290106466828	0.6033303051816264	0.5956809078559171	0.5663284898210013	0.467952175290508	0.5318743034737325	0.7403403363913976	0.5632230057680134	0.7044986426302808	0.5547597680150559	0.7357057343612109	0.5086139530815379	0.5737977510592382	0.5660689278866169	0.6577715528312551	0.5921855540854114	0.4567941683048082	0.681579541384015	0.6083601836487712	0.7057095699676325	0.7104443054502898	0.6586574523138726	0.5923033394162468	0.8131472000091905	0.5993410720159724	0.6076893570882016	0.6917595599263572	0.6113403532776724	0.5618269768058013	0.7590339404284994	0.7183818387234182	0.654981890343402	0.6676477908787417	0.6346145171073316	0.5933714438099531	0.6258025073127587
Ctrl3.061722	0.5907471172922211	0.4066294949440029	0.7481466364269981	0.7055194984430641	0.4616199261601661	0.2948642418316477	0.6783677176546784	0.6894409238144835	0.4270907418724955	0.5867096646823589	0.7183261891733047	0.6140341656398324	0.5675907459611095	0.2593321596563042	0.6263131466810056	0.680640730877335	0.5159469593850096	0.6079409324663866	0.2596998731051439	0.4034604377220998	0.5684196840743144	0.6362796049908674	0	0.5245808842143467	0.6449412391085573	0.6260463230426072	0.5029845106434447	0.6754498838310939	0.2907883944109435	0.380440390462229	0.5867092007563847	0.6682795069508927	0.6286546562805562	0.6727076932662902	0.5040666678120918	0.6438818374527617	0.5951979541066645	0.525863913006415	0.5588583703076827	0.6568696974589104	0.5997084405167445	0.5437408093255452	0.5773842644235626	0.6882360966948842	0.5452727678155438	0.7347563837876351	0.6085850160278986	0.608368078062531	0.6536332055167151	0.7710889687564708	0.6244839048506642	0.6724346904809477	0.6826098553934496	0.6285526996674143	0.6312001204490378	0.7703453927721665	0.8336669560739328	0.6099230279876154	0.7063822813469479	0.3572630803299421	0.3801623233242833	0.583565968086626
Ctrl3.070122	0.7674101579668928	0.4837333165965654	0.7986488184906275	0.829075727404522	0.5502703187298559	0.4752536402960135	0.7350543915501075	0.8226027549561531	0.4292955560282374	0.757616389133518	0.7765731626256199	0.7631242316211873	0.5981754015266553	0.5950023049086416	0.4266333431592452	0.5134276183746502	0.5117167593887454	0.5717508872013036	0.4037858090546349	0.422777224084416	0.4086234762145296	0.6297863687214992	0.5245808842143467	0	0.5552418654381852	0.535734710786352	0.3635105058925546	0.504472123794396	0.4936817829479195	0.5031680716670955	0.6150121457908778	0.6001262045312942	0.4809634836195527	0.6673499079536496	0.5361363599458856	0.6119063019610768	0.492306427486766	0.4947380723288981	0.5345852060151061	0.6155634280427421	0.476984119268268	0.4918515690754319	0.4869457237978932	0.596734458064318	0.4824585337799057	0.5934605563114467	0.5619179533968025	0.5082778979604895	0.4602728226251901	0.6536152942913425	0.5260528148888176	0.5329095582969856	0.5604964082017099	0.43055692843391	0.4379786366995302	0.6270640549612176	0.8087697267861206	0.4684020431948575	0.5972013635194312	0.4551818079695223	0.4434250658411105	0.45294501976357
Ctrl3.071522	0.8208430296220192	0.6124089373989992	0.8118554980316864	0.8530448183588102	0.6433813470764336	0.6164050299746479	0.7606503814883173	0.8587099514830824	0.6022980530318784	0.8227198302446855	0.8115409882476859	0.8225110754621827	0.6714551577092386	0.7132371898925114	0.5051834320674951	0.5095568526839349	0.4711504924040236	0.4880902543726567	0.5672745292749615	0.5670390936205824	0.3704217983824946	0.6020167000413084	0.6449412391085573	0.5552418654381852	0	0.4330978687723054	0.43945160918505	0.4302091397783759	0.6069677373244605	0.6400447196779947	0.656878053879413	0.5790128250637312	0.5802816433080739	0.5846043285095971	0.6441029449015132	0.5549808459580499	0.5793601292420529	0.5456044992605964	0.4663863228822641	0.549466197481365	0.5090124261108898	0.3864344334184085	0.3183708995155657	0.6370870453692302	0.4462979828262175	0.4832267721491774	0.588658185182574	0.578555122428391	0.3833224005939521	0.6029102145253135	0.5403130384175469	0.4493686630569008	0.4919133313093748	0.4803823997852214	0.3746392302030643	0.5372021692662801	0.7067583054818092	0.5140273873118552	0.4038197927088868	0.5516922759058867	0.5480026051180188	0.5050444352742278
Ctrl3.081222	0.814903206342021	0.6271756482844129	0.8284277096546142	0.8615313676393499	0.6569867749921234	0.5835260279450611	0.7837045228772006	0.8676774008535071	0.5840548233389617	0.8201868892958569	0.8113347032607707	0.8150505711459509	0.6352205321732879	0.7016738889006312	0.4452713906686281	0.4423906413780457	0.3390449623946544	0.5042511292222653	0.5314950930015822	0.527015983511989	0.274771596099997	0.5177027252100679	0.6260463230426072	0.535734710786352	0.4330978687723054	0	0.4609136747058469	0.269170711048969	0.5929210583804987	0.5875736147137773	0.5593415184076087	0.3743439635174842	0.6125447246524353	0.497442804823953	0.622611699128666	0.4545412845406926	0.5865429503674872	0.5022446515554896	0.4518382252647795	0.4966538605728808	0.489099019511975	0.4148973960070577	0.266174025424414	0.4546123785282908	0.3641264103302115	0.4939581978700523	0.508570845467441	0.4483280195528431	0.3456480111026671	0.6608415589472431	0.4278756593478044	0.3941085226653834	0.4866447468021728	0.4212311697753628	0.3127010544040803	0.5580908739197648	0.5979044524011186	0.4163887920864354	0.3917271956592244	0.5719713789325106	0.5418373206845031	0.4787622787551738
Ctrl4.070122	0.7495734714324881	0.431907163484763	0.8120600247690384	0.8282419200668676	0.5053319778376649	0.4752505505027139	0.7513024135209271	0.8237215249781135	0.4271544443993711	0.7451415114405073	0.8099456910081625	0.7469097704056361	0.6499307470651177	0.5838733342489223	0.3746007086330042	0.5379386540216958	0.3920559455760262	0.5496846975206272	0.3709545185595713	0.3822573598574767	0.3229799008353778	0.6290290106466828	0.5029845106434447	0.3635105058925546	0.43945160918505	0.4609136747058469	0	0.4421266200595359	0.443973750046939	0.4440607650509986	0.6449809231797332	0.6139215194155642	0.4874294084232231	0.6199028395796633	0.5953825748769456	0.5583600724616791	0.5331415692442354	0.5165664674848495	0.5940685220861853	0.6394358084952636	0.3647907836218728	0.3082835247888043	0.3806144651932712	0.5528303750796912	0.3129160795833857	0.5567919684608265	0.4654150442780807	0.4492792604976126	0.3957532548948068	0.5711746714598561	0.5234983339367937	0.4858059026804395	0.5070236525283257	0.4730879867027737	0.3535289391771543	0.6501518895541576	0.7891915172335525	0.3564794613531924	0.5315138066301152	0.3682529901085726	0.413907873990177	0.3834497826222932
Ctrl4.071522	0.8441739707532525	0.6714225136006018	0.864906356833087	0.8861963242263465	0.6887582252131856	0.6174635096387637	0.8361592288655258	0.8909652723693197	0.6078029050247595	0.8348410339212478	0.8592958015595819	0.850906477658194	0.6943328913707699	0.7443493693910145	0.4295597732764106	0.4083749224637209	0.4261106089260995	0.6121999987074123	0.5622894648028901	0.5043173371388042	0.2454298606273186	0.6033303051816264	0.6754498838310939	0.504472123794396	0.4302091397783759	0.269170711048969	0.4421266200595359	0	0.6236511673278925	0.6009978044458082	0.637996546966326	0.3848387358396685	0.642852470785108	0.5896492107056064	0.6245578989768242	0.5767531794202518	0.5478355558085253	0.5885262489644341	0.5291070841345367	0.5832509194658375	0.4755262040571496	0.430996537786338	0.3807002013066489	0.4763171265119366	0.4156414327494106	0.4973939121040132	0.6346557061370022	0.4192598274837054	0.1463503817032728	0.6503539111772614	0.5325618176870102	0.2841015751505884	0.4124555535016439	0.4587699680210682	0.3156231772853567	0.5021018943733995	0.6415411770426656	0.4683631180124734	0.4321699463439359	0.5819791650683602	0.5661144178755497	0.4797664241536831
Ctrl5.061722	0.6279448873330276	0.4531022804392465	0.746619823758935	0.7201040691032858	0.3684518357571596	0.3662316964705903	0.6921679994533272	0.720602915894927	0.3707970251317401	0.6240486400924321	0.7257811659329578	0.6377094568639673	0.5731399591955401	0.3912721583966398	0.5842990477316637	0.6500399740166658	0.4604328347082925	0.5828358188886836	0.2617765031416024	0.4439825790401657	0.5150714780030142	0.5956809078559171	0.2907883944109435	0.4936817829479195	0.6069677373244605	0.5929210583804987	0.443973750046939	0.6236511673278925	0	0.3400068896175465	0.550457877061163	0.6407688981479799	0.5912728961998552	0.6483148621749648	0.5141877999933008	0.6137560172619381	0.5520667057362332	0.5122825565534007	0.5557135291970635	0.6569905710870988	0.5768697742502152	0.5166673427751334	0.5627565079514733	0.659183458061775	0.4916392433116966	0.7050420157051724	0.5850769807426853	0.5717899863818886	0.6132298292498154	0.7487200085987249	0.6227908389063616	0.6243993119459652	0.6352134642812499	0.6001545556294785	0.5869324338198587	0.7480743594123336	0.8250753984902037	0.5552535293734265	0.677511304524029	0.3972857031393665	0.4089991163065964	0.5209446491343559
CtrlF1.050622	0.6187560208789983	0.4885652461159139	0.7454692161438919	0.7358923966750875	0.4525422143449789	0.4282688278100994	0.6885426392301945	0.7124493066016626	0.434503697992749	0.6185843028148884	0.7252833467878163	0.6360225113076475	0.5634462476585609	0.439229657333687	0.5888501870094135	0.6750933114366049	0.4404480262116079	0.6217587939407725	0.2911662044267296	0.4481110460834679	0.51332992007809	0.5663284898210013	0.380440390462229	0.5031680716670955	0.6400447196779947	0.5875736147137773	0.4440607650509986	0.6009978044458082	0.3400068896175465	0	0.5293319373432959	0.6441447103290012	0.6229235101485385	0.6534908771064647	0.4435400925498028	0.6156229146553615	0.58087812049229	0.5167100072275856	0.5730512118536079	0.6604850594536525	0.5788034141505198	0.551894277304665	0.5659600482384478	0.6540606112290823	0.5181313420344454	0.7144450307552884	0.6032538147764496	0.566149411189074	0.6175129104184603	0.7424356238716189	0.6458842192497475	0.6497717214528199	0.6635384176494947	0.5548036875395337	0.6117926564427897	0.758716920044774	0.8253794836545248	0.5590744190092264	0.6868834083630926	0.427429298141889	0.4182245682647364	0.5490566624087554
CtrlF1.060322	0.7503537699120915	0.6512478403082733	0.714345145744859	0.8029046194638163	0.6442519036701096	0.6260028745481907	0.623259819103556	0.8162188119099183	0.6204319630111758	0.751233875403491	0.61016275090376	0.7491866905898498	0.5590522458657964	0.6060009673501451	0.694436695218364	0.6845116954830611	0.5183899661519128	0.5640541084158828	0.5490253712221531	0.6452787621596002	0.5962997452345515	0.467952175290508	0.5867092007563847	0.6150121457908778	0.656878053879413	0.5593415184076087	0.6449809231797332	0.637996546966326	0.550457877061163	0.5293319373432959	0	0.5082346498821483	0.6987026648701485	0.5736443965552763	0.6496655312697709	0.5061696027888155	0.6608993996839467	0.3725141179067836	0.5034234201535069	0.50856176877346	0.6651518207069681	0.6220220782310538	0.5449589020892501	0.7158010800008007	0.6156727399292565	0.7290256900553624	0.6370533100953856	0.6495973092796372	0.6545776537046363	0.7920532589432088	0.5981927508846961	0.664146949720548	0.744086017322485	0.5101419137456171	0.6218920097048857	0.7792062218196574	0.7431653986034502	0.6464158419071293	0.6955792258528839	0.6158808506091229	0.6343268302145672	0.6424382769689397
CtrlF2.060322	0.8406932088800666	0.6946625352762578	0.8435953029275008	0.8714321861513121	0.6973649763301021	0.6416966828114761	0.7590106703309348	0.8753466209538067	0.6361567812465508	0.8313597378306594	0.7919533995066714	0.8443281277731512	0.6526355475303245	0.7360594838742334	0.6066221920970398	0.5635346643277964	0.4289744087317257	0.5833534909795236	0.5854166858879061	0.5924141294713069	0.4650326875850743	0.5318743034737325	0.6682795069508927	0.6001262045312942	0.5790128250637312	0.3743439635174842	0.6139215194155642	0.3848387358396685	0.6407688981479799	0.6441447103290012	0.5082346498821483	0	0.6992141487667083	0.4533860514906601	0.648401608125351	0.3534308102560248	0.6007464583915507	0.4377861340938382	0.5229295789957703	0.4917001677977512	0.5816001194671044	0.5653848651296206	0.4444668468143252	0.5649523164901725	0.5039577995930489	0.6502075405907438	0.6308638617475809	0.5276300339969391	0.4630598569203644	0.7946054040797805	0.5820566676655383	0.4935075856519321	0.593546263019321	0.5033633759548737	0.5065072494649305	0.6701306426604856	0.5358740060432285	0.6120777361007436	0.604805124449545	0.6202336293843586	0.5997223756640987	0.6274758887885108
CtrlF2.061722	0.7898434297658999	0.5532195710219394	0.8204509160081339	0.8333867227087619	0.6365318197944617	0.6271630501709575	0.7644942629342155	0.8286927368637502	0.5021025373252085	0.792307711675623	0.7897641380890819	0.7874386545936889	0.6817046618501104	0.6676555679424652	0.5040673724789492	0.5337777114762098	0.5988600658773996	0.5064745305373637	0.5456281039664087	0.5900683848041306	0.5033739427730932	0.7403403363913976	0.6286546562805562	0.4809634836195527	0.5802816433080739	0.6125447246524353	0.4874294084232231	0.642852470785108	0.5912728961998552	0.6229235101485385	0.6987026648701485	0.6992141487667083	0	0.6863183574251893	0.4594216922785677	0.6783032913198395	0.371418136339985	0.6418592055518888	0.5724759062524899	0.6913226464322504	0.4699106283233224	0.6339369479579872	0.6073657837471588	0.6196541454160496	0.5803638207007594	0.5539761513315596	0.5007190848748544	0.4610938758589439	0.6246941070587292	0.6248560165638912	0.5904907831028464	0.6552969832204116	0.4862716867776917	0.5244752293383608	0.5531524239735065	0.6361922306151785	0.7657504837188854	0.4560023429069935	0.5173984725568809	0.5587771747259558	0.5722333927640971	0.4009638168352038
